         342          343 
         343          344 
         344          345 
         345          346 
         346          347 
         347          348 
         348          349 
         349          350 
         350          351 
         351          352 
         352          353 
         353          354 
         354          355 
         355           10 
          10          192 
         192          193 
         193          194 
         194          195 
         195          196 
         196          197 
         197          198 
         198          199 
         199          200 
         200          201 
         201          202 
         202          203 
         203          204 
         204          205 
         205          206 
         206          207 
         207          208 
         208            8 
           8         1198 
        1198         1199 
        1199         1200 
        1200         1201 
        1201         1202 
        1202         1203 
        1203         1204 
        1204         1205 
        1205         1206 
        1206         1207 
        1207         1208 
        1208         1209 
        1209         1210 
        1210         1211 
        1211         1212 
        1212         1213 
        1213         1214 
        1214           48 
          48         1034 
        1034         1035 
        1035         1036 
        1036         1037 
        1037         1038 
        1038         1039 
        1039         1040 
        1040         1041 
        1041         1042 
        1042         1043 
        1043         1044 
        1044         1045 
        1045         1046 
        1046         1047 
        1047           39 
          39          769 
         769          770 
         770          771 
         771          772 
         772          773 
         773          774 
         774          775 
         775          776 
         776          777 
         777          778 
         778          779 
         779          780 
         780          781 
         781          782 
         782           36 
          36          982 
         982          983 
         983          984 
         984          985 
         985          986 
         986          987 
         987          988 
         988          989 
         989          990 
         990          991 
         991          992 
         992          993 
         993          994 
         994          995 
         995          996 
         996          997 
         997          998 
         998           46 
          46         1181 
        1181         1182 
        1182         1183 
        1183         1184 
        1184         1185 
        1185         1186 
        1186         1187 
        1187         1188 
        1188         1189 
        1189         1190 
        1190         1191 
        1191         1192 
        1192         1193 
        1193         1194 
        1194         1195 
        1195         1196 
        1196         1197 
        1197            5 
           5          120 
         120          121 
         121          122 
         122          123 
         123          124 
         124          125 
         125          126 
         126          127 
         127          128 
         128          129 
         129          130 
         130          131 
         131          132 
         132          133 
         133            6 
           6          342 
