         247          248 
         248          249 
         249          250 
         250          251 
         251          252 
         252          253 
         253          254 
         254          255 
         255          256 
         256          257 
         257          258 
         258          259 
         259          260 
         260          261 
         261          262 
         262          263 
         263          264 
         264          265 
         265          266 
         266          267 
         267          268 
         268          269 
         269          270 
         270          271 
         271          272 
         272          273 
         273          274 
         274          275 
         275          276 
         276          277 
         277          278 
         278          279 
         279          280 
         280          281 
         281          282 
         282          283 
         283          284 
         284          285 
         285          286 
         286          287 
         287          288 
         288          289 
         289          290 
         290          291 
         291          292 
         292          293 
         293          294 
         294          295 
         295          296 
         296          297 
         297          298 
         298          299 
         299          300 
         300          301 
         301          302 
         302          303 
         303          304 
         304            1 
           1            2 
           2           51 
          51           52 
          52           53 
          53           54 
          54           55 
          55           56 
          56           57 
          57           58 
          58           59 
          59           60 
          60           61 
          61           62 
          62           63 
          63           64 
          64           65 
          65           66 
          66           67 
          67           68 
          68           69 
          69           70 
          70           71 
          71           72 
          72           73 
          73           74 
          74           75 
          75           76 
          76           77 
          77           78 
          78           79 
          79           80 
          80           81 
          81           82 
          82           83 
          83           84 
          84           85 
          85           86 
          86           87 
          87           88 
          88           89 
          89           90 
          90           91 
          91           92 
          92           93 
          93           94 
          94           95 
          95          305 
         305          306 
         306          307 
         307          308 
         308          309 
         309          310 
         310          311 
         311          312 
         312            7 
           7          247 
