 2,   
 3,   
 8,  
 52,  
 53,  
 54,  
 55,  
 56,  
 57,  
 58,  
 59,  
 60,  
 61, 
 62,  
 63,  
 64
 65, 
 66, 
 67, 
 68,
 69,  
 70,  
 71,  
 72,  
 73,  
 74,  
 75,  
 76,  
 77,  
 78,  
 79,  
 80
 81,  
 82,  
 83,  
 84,  
 85,  
 86,  
 87,  
 88,  
 89,  
 90,  
 91,  
 92,  
 93,  
 94,  
 95,  
 96
 248, 
 249, 
 250, 
 251, 
 252, 
 253, 
 254, 
 255, 
 256, 
 257, 
 258, 
 259, 
 260, 
 261, 
 262, 
 263
 264, 
 265, 
 266, 
 267, 
 268, 
 269, 
 270, 
 271, 
 272, 
 273, 
 274, 
 275, 
 276, 
 277, 
 278, 
 279
 280, 
 281, 
 282, 
 283, 
 284, 
 285, 
 286, 
 287, 
 288, 
 289, 
 290, 
 291, 
 292, 
 293, 
 294, 
 295
 296, 
 297, 
 298, 
 299, 
 300, 
 301, 
 302, 
 303, 
 304, 
 305, 
 306, 
 307, 
 308, 
 309, 
 310, 
 311
 312,
 313