         263          264 
         264          265 
         265          266 
         266          267 
         267          268 
         268          269 
         269          270 
         270           22 
          22          387 
         387          388 
         388          389 
         389          390 
         390          391 
         391          392 
         392          393 
         393          394 
         394           31 
          31          477 
         477          478 
         478          479 
         479          480 
         480          481 
         481          482 
         482          483 
         483          484 
         484           37 
          37          547 
         547          548 
         548          549 
         549          550 
         550          551 
         551          552 
         552          553 
         553          554 
         554           40 
          40          503 
         503          504 
         504          505 
         505          506 
         506          507 
         507          508 
         508           34 
          34          421 
         421          422 
         422          423 
         423          424 
         424          425 
         425          426 
         426          427 
         427          428 
         428           25 
          25          297 
         297          298 
         298          299 
         299          300 
         300          301 
         301          302 
         302          303 
         303          304 
         304           12 
          12          140 
         140          141 
         141          142 
         142          143 
         143          144 
         144          145 
         145           13 
          13          263 
