1,   1,  42, 556,  63
 2,  42,  43, 557, 556
 3,  43,  44, 558, 557
 4,  44,  45, 559, 558
 5,  45,  46, 560, 559
 6,  46,  47, 561, 560
 7,  47,   2,  48, 561
 8,  63, 556, 562,  62
 9, 556, 557, 563, 562
10, 557, 558, 564, 563
11, 558, 559, 565, 564
12, 559, 560, 566, 565
13, 560, 561, 567, 566
14, 561,  48,  49, 567
15,  62, 562, 568,  61
16, 562, 563, 569, 568
17, 563, 564, 570, 569
18, 564, 565, 571, 570
19, 565, 566, 572, 571
20, 566, 567, 573, 572
21, 567,  49,  50, 573
22,  61, 568, 574,  60
23, 568, 569, 575, 574
24, 569, 570, 576, 575
25, 570, 571, 577, 576
26, 571, 572, 578, 577
27, 572, 573, 579, 578
28, 573,  50,  51, 579
29,  60, 574, 580,  59
30, 574, 575, 581, 580
31, 575, 576, 582, 581
32, 576, 577, 583, 582
33, 577, 578, 584, 583
34, 578, 579, 585, 584
35, 579,  51,  52, 585
36,  59, 580,  58,   4
37, 580, 581,  57,  58
38, 581, 582,  56,  57
39, 582, 583,  55,  56
40, 583, 584,  54,  55
41, 584, 585,  53,  54
42, 585,  52,   3,  53
43,   5,  64, 586,  84
44,  64,  65, 587, 586
45,  65,  66, 588, 587
46,  66,  67, 589, 588
47,  67,  68, 590, 589
48,  68,  69, 591, 590
49,  69,  70, 592, 591
50,  70,  71, 593, 592
51,  71,   3,  52, 593
52,  84, 586, 594,  83
53, 586, 587, 595, 594
54, 587, 588, 596, 595
55, 588, 589, 597, 596
56, 589, 590, 598, 597
57, 590, 591, 599, 598
58, 591, 592, 600, 599
59, 592, 593, 601, 600
60, 593,  52,  51, 601
61,  83, 594, 602,  82
62, 594, 595, 603, 602
63, 595, 596, 604, 603
64, 596, 597, 605, 604
65, 597, 598, 606, 605
66, 598, 599, 607, 606
67, 599, 600, 608, 607
68, 600, 601, 609, 608
69, 601,  51,  50, 609
70,  82, 602, 610,  81
71, 602, 603, 611, 610
72, 603, 604, 612, 611
73, 604, 605, 613, 612
74, 605, 606, 614, 613
75, 606, 607, 615, 614
76, 607, 608, 616, 615
77, 608, 609, 617, 616
78, 609,  50,  49, 617
79,  81, 610, 618,  80
80, 610, 611, 619, 618
81, 611, 612, 620, 619
82, 612, 613, 621, 620
83, 613, 614, 622, 621
84, 614, 615, 623, 622
85, 615, 616, 624, 623
86, 616, 617, 625, 624
87, 617,  49,  48, 625
88,  80, 618,  79,   6
89, 618, 619,  78,  79
90, 619, 620,  77,  78
91, 620, 621,  76,  77
92, 621, 622,  75,  76
93, 622, 623,  74,  75
94, 623, 624,  73,  74
95, 624, 625,  72,  73
96, 625,  48,   2,  72
 97,   7,  85, 626, 106
 98,  85,  86, 627, 626
 99,  86,  87, 628, 627
100,  87,  88, 629, 628
101,  88,  89, 630, 629
102,  89,  90, 631, 630
103,  90,  91, 632, 631
104,  91,  92, 633, 632
105,  92,   4,  58, 633
106, 106, 626, 634, 105
107, 626, 627, 635, 634
108, 627, 628, 636, 635
109, 628, 629, 637, 636
110, 629, 630, 638, 637
111, 630, 631, 639, 638
112, 631, 632, 640, 639
113, 632, 633, 641, 640
114, 633,  58,  57, 641
115, 105, 634, 642, 104
116, 634, 635, 643, 642
117, 635, 636, 644, 643
118, 636, 637, 645, 644
119, 637, 638, 646, 645
120, 638, 639, 647, 646
121, 639, 640, 648, 647
122, 640, 641, 649, 648
123, 641,  57,  56, 649
124, 104, 642, 650, 103
125, 642, 643, 651, 650
126, 643, 644, 652, 651
127, 644, 645, 653, 652
128, 645, 646, 654, 653
129, 646, 647, 655, 654
130, 647, 648, 656, 655
131, 648, 649, 657, 656
132, 649,  56,  55, 657
133, 103, 650, 658, 102
134, 650, 651, 659, 658
135, 651, 652, 660, 659
136, 652, 653, 661, 660
137, 653, 654, 662, 661
138, 654, 655, 663, 662
139, 655, 656, 664, 663
140, 656, 657, 665, 664
141, 657,  55,  54, 665
142, 102, 658, 666, 101
143, 658, 659, 667, 666
144, 659, 660, 668, 667
145, 660, 661, 669, 668
146, 661, 662, 670, 669
147, 662, 663, 671, 670
148, 663, 664, 672, 671
149, 664, 665, 673, 672
150, 665,  54,  53, 673
151, 101, 666, 100,   8
152, 666, 667,  99, 100
153, 667, 668,  98,  99
154, 668, 669,  97,  98
155, 669, 670,  96,  97
156, 670, 671,  95,  96
157, 671, 672,  94,  95
158, 672, 673,  93,  94
159, 673,  53,   3,  93
160,   9, 107, 674, 119
161, 107, 108, 675, 674
162, 108, 109, 676, 675
163, 109, 110, 677, 676
164, 110, 111, 678, 677
165, 111, 112, 679, 678
166, 112, 113, 680, 679
167, 113, 114, 681, 680
168, 114,   1,  63, 681
169, 119, 674, 682, 118
170, 674, 675, 683, 682
171, 675, 676, 684, 683
172, 676, 677, 685, 684
173, 677, 678, 686, 685
174, 678, 679, 687, 686
175, 679, 680, 688, 687
176, 680, 681, 689, 688
177, 681,  63,  62, 689
178, 118, 682, 690, 117
179, 682, 683, 691, 690
180, 683, 684, 692, 691
181, 684, 685, 693, 692
182, 685, 686, 694, 693
183, 686, 687, 695, 694
184, 687, 688, 696, 695
185, 688, 689, 697, 696
186, 689,  62,  61, 697
187, 117, 690, 698, 116
188, 690, 691, 699, 698
189, 691, 692, 700, 699
190, 692, 693, 701, 700
191, 693, 694, 702, 701
192, 694, 695, 703, 702
193, 695, 696, 704, 703
194, 696, 697, 705, 704
195, 697,  61,  60, 705
196, 116, 698, 706, 115
197, 698, 699, 707, 706
198, 699, 700, 708, 707
199, 700, 701, 709, 708
200, 701, 702, 710, 709
201, 702, 703, 711, 710
202, 703, 704, 712, 711
203, 704, 705, 713, 712
204, 705,  60,  59, 713
205, 115, 706,  85,   7
206, 706, 707,  86,  85
207, 707, 708,  87,  86
208, 708, 709,  88,  87
209, 709, 710,  89,  88
210, 710, 711,  90,  89
211, 711, 712,  91,  90
212, 712, 713,  92,  91
213, 713,  59,   4,  92
214,  10, 120, 714, 135
215, 120, 121, 715, 714
216, 121, 122, 716, 715
217, 122, 123, 717, 716
218, 123, 124, 718, 717
219, 124, 125, 719, 718
220, 125,  11, 126, 719
221, 135, 714, 720, 134
222, 714, 715, 721, 720
223, 715, 716, 722, 721
224, 716, 717, 723, 722
225, 717, 718, 724, 723
226, 718, 719, 725, 724
227, 719, 126, 127, 725
228, 134, 720, 726, 133
229, 720, 721, 727, 726
230, 721, 722, 728, 727
231, 722, 723, 729, 728
232, 723, 724, 730, 729
233, 724, 725, 731, 730
234, 725, 127, 128, 731
235, 133, 726, 732, 132
236, 726, 727, 733, 732
237, 727, 728, 734, 733
238, 728, 729, 735, 734
239, 729, 730, 736, 735
240, 730, 731, 737, 736
241, 731, 128, 129, 737
242, 132, 732, 738, 131
243, 732, 733, 739, 738
244, 733, 734, 740, 739
245, 734, 735, 741, 740
246, 735, 736, 742, 741
247, 736, 737, 743, 742
248, 737, 129, 130, 743
249, 131, 738,  42,   1
250, 738, 739,  43,  42
251, 739, 740,  44,  43
252, 740, 741,  45,  44
253, 741, 742,  46,  45
254, 742, 743,  47,  46
255, 743, 130,   2,  47
256,  12, 136, 744, 157
257, 136, 137, 745, 744
258, 137, 138, 746, 745
259, 138, 139, 747, 746
260, 139, 140, 748, 747
261, 140,  13, 141, 748
262, 157, 744, 749, 156
263, 744, 745, 750, 749
264, 745, 746, 751, 750
265, 746, 747, 752, 751
266, 747, 748, 753, 752
267, 748, 141, 142, 753
268, 156, 749, 754, 155
269, 749, 750, 755, 754
270, 750, 751, 756, 755
271, 751, 752, 757, 756
272, 752, 753, 758, 757
273, 753, 142, 143, 758
274, 155, 754, 759, 154
275, 754, 755, 760, 759
276, 755, 756, 761, 760
277, 756, 757, 762, 761
278, 757, 758, 763, 762
279, 758, 143, 144, 763
280, 154, 759, 764, 153
281, 759, 760, 765, 764
282, 760, 761, 766, 765
283, 761, 762, 767, 766
284, 762, 763, 768, 767
285, 763, 144, 145, 768
286, 153, 764, 769, 152
287, 764, 765, 770, 769
288, 765, 766, 771, 770
289, 766, 767, 772, 771
290, 767, 768, 773, 772
291, 768, 145, 146, 773
292, 152, 769, 151,  15
293, 769, 770, 150, 151
294, 770, 771, 149, 150
295, 771, 772, 148, 149
296, 772, 773, 147, 148
297, 773, 146,  14, 147
298,   6,  79, 774, 170
299,  79,  78, 775, 774
300,  78,  77, 776, 775
301,  77,  76, 777, 776
302,  76,  75, 778, 777
303,  75,  74, 779, 778
304,  74,  73, 780, 779
305,  73,  72, 781, 780
306,  72,   2, 130, 781
307, 170, 774, 782, 169
308, 774, 775, 783, 782
309, 775, 776, 784, 783
310, 776, 777, 785, 784
311, 777, 778, 786, 785
312, 778, 779, 787, 786
313, 779, 780, 788, 787
314, 780, 781, 789, 788
315, 781, 130, 129, 789
316, 169, 782, 790, 168
317, 782, 783, 791, 790
318, 783, 784, 792, 791
319, 784, 785, 793, 792
320, 785, 786, 794, 793
321, 786, 787, 795, 794
322, 787, 788, 796, 795
323, 788, 789, 797, 796
324, 789, 129, 128, 797
325, 168, 790, 798, 167
326, 790, 791, 799, 798
327, 791, 792, 800, 799
328, 792, 793, 801, 800
329, 793, 794, 802, 801
330, 794, 795, 803, 802
331, 795, 796, 804, 803
332, 796, 797, 805, 804
333, 797, 128, 127, 805
334, 167, 798, 806, 166
335, 798, 799, 807, 806
336, 799, 800, 808, 807
337, 800, 801, 809, 808
338, 801, 802, 810, 809
339, 802, 803, 811, 810
340, 803, 804, 812, 811
341, 804, 805, 813, 812
342, 805, 127, 126, 813
343, 166, 806, 165,  16
344, 806, 807, 164, 165
345, 807, 808, 163, 164
346, 808, 809, 162, 163
347, 809, 810, 161, 162
348, 810, 811, 160, 161
349, 811, 812, 159, 160
350, 812, 813, 158, 159
351, 813, 126,  11, 158
352,  17, 171, 814, 191
353, 171, 172, 815, 814
354, 172, 173, 816, 815
355, 173, 174, 817, 816
356, 174, 175, 818, 817
357, 175,  18, 176, 818
358, 191, 814, 819, 190
359, 814, 815, 820, 819
360, 815, 816, 821, 820
361, 816, 817, 822, 821
362, 817, 818, 823, 822
363, 818, 176, 177, 823
364, 190, 819, 824, 189
365, 819, 820, 825, 824
366, 820, 821, 826, 825
367, 821, 822, 827, 826
368, 822, 823, 828, 827
369, 823, 177, 178, 828
370, 189, 824, 829, 188
371, 824, 825, 830, 829
372, 825, 826, 831, 830
373, 826, 827, 832, 831
374, 827, 828, 833, 832
375, 828, 178, 179, 833
376, 188, 829, 834, 187
377, 829, 830, 835, 834
378, 830, 831, 836, 835
379, 831, 832, 837, 836
380, 832, 833, 838, 837
381, 833, 179, 180, 838
382, 187, 834, 839, 186
383, 834, 835, 840, 839
384, 835, 836, 841, 840
385, 836, 837, 842, 841
386, 837, 838, 843, 842
387, 838, 180, 181, 843
388, 186, 839, 844, 185
389, 839, 840, 845, 844
390, 840, 841, 846, 845
391, 841, 842, 847, 846
392, 842, 843, 848, 847
393, 843, 181, 182, 848
394, 185, 844, 849, 184
395, 844, 845, 850, 849
396, 845, 846, 851, 850
397, 846, 847, 852, 851
398, 847, 848, 853, 852
399, 848, 182, 183, 853
400, 184, 849,  80,   6
401, 849, 850,  81,  80
402, 850, 851,  82,  81
403, 851, 852,  83,  82
404, 852, 853,  84,  83
405, 853, 183,   5,  84
406,  18, 192, 854, 176
407, 192, 193, 855, 854
408, 193, 194, 856, 855
409, 194, 195, 857, 856
410, 195, 196, 858, 857
411, 196, 197, 859, 858
412, 197, 198, 860, 859
413, 198, 199, 861, 860
414, 199,   8, 100, 861
415, 176, 854, 862, 177
416, 854, 855, 863, 862
417, 855, 856, 864, 863
418, 856, 857, 865, 864
419, 857, 858, 866, 865
420, 858, 859, 867, 866
421, 859, 860, 868, 867
422, 860, 861, 869, 868
423, 861, 100,  99, 869
424, 177, 862, 870, 178
425, 862, 863, 871, 870
426, 863, 864, 872, 871
427, 864, 865, 873, 872
428, 865, 866, 874, 873
429, 866, 867, 875, 874
430, 867, 868, 876, 875
431, 868, 869, 877, 876
432, 869,  99,  98, 877
433, 178, 870, 878, 179
434, 870, 871, 879, 878
435, 871, 872, 880, 879
436, 872, 873, 881, 880
437, 873, 874, 882, 881
438, 874, 875, 883, 882
439, 875, 876, 884, 883
440, 876, 877, 885, 884
441, 877,  98,  97, 885
442, 179, 878, 886, 180
443, 878, 879, 887, 886
444, 879, 880, 888, 887
445, 880, 881, 889, 888
446, 881, 882, 890, 889
447, 882, 883, 891, 890
448, 883, 884, 892, 891
449, 884, 885, 893, 892
450, 885,  97,  96, 893
451, 180, 886, 894, 181
452, 886, 887, 895, 894
453, 887, 888, 896, 895
454, 888, 889, 897, 896
455, 889, 890, 898, 897
456, 890, 891, 899, 898
457, 891, 892, 900, 899
458, 892, 893, 901, 900
459, 893,  96,  95, 901
460, 181, 894, 902, 182
461, 894, 895, 903, 902
462, 895, 896, 904, 903
463, 896, 897, 905, 904
464, 897, 898, 906, 905
465, 898, 899, 907, 906
466, 899, 900, 908, 907
467, 900, 901, 909, 908
468, 901,  95,  94, 909
469, 182, 902, 910, 183
470, 902, 903, 911, 910
471, 903, 904, 912, 911
472, 904, 905, 913, 912
473, 905, 906, 914, 913
474, 906, 907, 915, 914
475, 907, 908, 916, 915
476, 908, 909, 917, 916
477, 909,  94,  93, 917
478, 183, 910,  64,   5
479, 910, 911,  65,  64
480, 911, 912,  66,  65
481, 912, 913,  67,  66
482, 913, 914,  68,  67
483, 914, 915,  69,  68
484, 915, 916,  70,  69
485, 916, 917,  71,  70
486, 917,  93,   3,  71
487,  19, 200, 918, 221
488, 200, 201, 919, 918
489, 201, 202, 920, 919
490, 202, 203, 921, 920
491, 203, 204, 922, 921
492, 204, 205, 923, 922
493, 205,  20, 206, 923
494, 221, 918, 924, 220
495, 918, 919, 925, 924
496, 919, 920, 926, 925
497, 920, 921, 927, 926
498, 921, 922, 928, 927
499, 922, 923, 929, 928
500, 923, 206, 207, 929
501, 220, 924, 930, 219
502, 924, 925, 931, 930
503, 925, 926, 932, 931
504, 926, 927, 933, 932
505, 927, 928, 934, 933
506, 928, 929, 935, 934
507, 929, 207, 208, 935
508, 219, 930, 936, 218
509, 930, 931, 937, 936
510, 931, 932, 938, 937
511, 932, 933, 939, 938
512, 933, 934, 940, 939
513, 934, 935, 941, 940
514, 935, 208, 209, 941
515, 218, 936, 942, 217
516, 936, 937, 943, 942
517, 937, 938, 944, 943
518, 938, 939, 945, 944
519, 939, 940, 946, 945
520, 940, 941, 947, 946
521, 941, 209, 210, 947
522, 217, 942, 948, 216
523, 942, 943, 949, 948
524, 943, 944, 950, 949
525, 944, 945, 951, 950
526, 945, 946, 952, 951
527, 946, 947, 953, 952
528, 947, 210, 211, 953
529, 216, 948, 954, 215
530, 948, 949, 955, 954
531, 949, 950, 956, 955
532, 950, 951, 957, 956
533, 951, 952, 958, 957
534, 952, 953, 959, 958
535, 953, 211, 212, 959
536, 215, 954, 960, 214
537, 954, 955, 961, 960
538, 955, 956, 962, 961
539, 956, 957, 963, 962
540, 957, 958, 964, 963
541, 958, 959, 965, 964
542, 959, 212, 213, 965
543, 214, 960, 101,   8
544, 960, 961, 102, 101
545, 961, 962, 103, 102
546, 962, 963, 104, 103
547, 963, 964, 105, 104
548, 964, 965, 106, 105
549, 965, 213,   7, 106
550,   21,  222,  966,  234
551,  222,  223,  967,  966
552,  223,  224,  968,  967
553,  224,  225,  969,  968
554,  225,  226,  970,  969
555,  226,  227,  971,  970
556,  227,  228,  972,  971
557,  228,  229,  973,  972
558,  229,    9,  119,  973
559,  234,  966,  974,  233
560,  966,  967,  975,  974
561,  967,  968,  976,  975
562,  968,  969,  977,  976
563,  969,  970,  978,  977
564,  970,  971,  979,  978
565,  971,  972,  980,  979
566,  972,  973,  981,  980
567,  973,  119,  118,  981
568,  233,  974,  982,  232
569,  974,  975,  983,  982
570,  975,  976,  984,  983
571,  976,  977,  985,  984
572,  977,  978,  986,  985
573,  978,  979,  987,  986
574,  979,  980,  988,  987
575,  980,  981,  989,  988
576,  981,  118,  117,  989
577,  232,  982,  990,  231
578,  982,  983,  991,  990
579,  983,  984,  992,  991
580,  984,  985,  993,  992
581,  985,  986,  994,  993
582,  986,  987,  995,  994
583,  987,  988,  996,  995
584,  988,  989,  997,  996
585,  989,  117,  116,  997
586,  231,  990,  998,  230
587,  990,  991,  999,  998
588,  991,  992, 1000,  999
589,  992,  993, 1001, 1000
590,  993,  994, 1002, 1001
591,  994,  995, 1003, 1002
592,  995,  996, 1004, 1003
593,  996,  997, 1005, 1004
594,  997,  116,  115, 1005
595,  230,  998,  206,   20
596,  998,  999,  207,  206
597,  999, 1000,  208,  207
598, 1000, 1001,  209,  208
599, 1001, 1002,  210,  209
600, 1002, 1003,  211,  210
601, 1003, 1004,  212,  211
602, 1004, 1005,  213,  212
603, 1005,  115,    7,  213
604,   22,  235, 1006,  247
605,  235,  236, 1007, 1006
606,  236,  237, 1008, 1007
607,  237,  238, 1009, 1008
608,  238,  239, 1010, 1009
609,  239,  240, 1011, 1010
610,  240,  241, 1012, 1011
611,  241,  242, 1013, 1012
612,  242,   10,  135, 1013
613,  247, 1006, 1014,  246
614, 1006, 1007, 1015, 1014
615, 1007, 1008, 1016, 1015
616, 1008, 1009, 1017, 1016
617, 1009, 1010, 1018, 1017
618, 1010, 1011, 1019, 1018
619, 1011, 1012, 1020, 1019
620, 1012, 1013, 1021, 1020
621, 1013,  135,  134, 1021
622,  246, 1014, 1022,  245
623, 1014, 1015, 1023, 1022
624, 1015, 1016, 1024, 1023
625, 1016, 1017, 1025, 1024
626, 1017, 1018, 1026, 1025
627, 1018, 1019, 1027, 1026
628, 1019, 1020, 1028, 1027
629, 1020, 1021, 1029, 1028
630, 1021,  134,  133, 1029
631,  245, 1022, 1030,  244
632, 1022, 1023, 1031, 1030
633, 1023, 1024, 1032, 1031
634, 1024, 1025, 1033, 1032
635, 1025, 1026, 1034, 1033
636, 1026, 1027, 1035, 1034
637, 1027, 1028, 1036, 1035
638, 1028, 1029, 1037, 1036
639, 1029,  133,  132, 1037
640,  244, 1030, 1038,  243
641, 1030, 1031, 1039, 1038
642, 1031, 1032, 1040, 1039
643, 1032, 1033, 1041, 1040
644, 1033, 1034, 1042, 1041
645, 1034, 1035, 1043, 1042
646, 1035, 1036, 1044, 1043
647, 1036, 1037, 1045, 1044
648, 1037,  132,  131, 1045
649,  243, 1038,  107,    9
650, 1038, 1039,  108,  107
651, 1039, 1040,  109,  108
652, 1040, 1041,  110,  109
653, 1041, 1042,  111,  110
654, 1042, 1043,  112,  111
655, 1043, 1044,  113,  112
656, 1044, 1045,  114,  113
657, 1045,  131,    1,  114
658,   12,  157, 1046,  263
659,  157,  156, 1047, 1046
660,  156,  155, 1048, 1047
661,  155,  154, 1049, 1048
662,  154,  153, 1050, 1049
663,  153,  152, 1051, 1050
664,  152,   15,  248, 1051
665,  263, 1046, 1052,  262
666, 1046, 1047, 1053, 1052
667, 1047, 1048, 1054, 1053
668, 1048, 1049, 1055, 1054
669, 1049, 1050, 1056, 1055
670, 1050, 1051, 1057, 1056
671, 1051,  248,  249, 1057
672,  262, 1052, 1058,  261
673, 1052, 1053, 1059, 1058
674, 1053, 1054, 1060, 1059
675, 1054, 1055, 1061, 1060
676, 1055, 1056, 1062, 1061
677, 1056, 1057, 1063, 1062
678, 1057,  249,  250, 1063
679,  261, 1058, 1064,  260
680, 1058, 1059, 1065, 1064
681, 1059, 1060, 1066, 1065
682, 1060, 1061, 1067, 1066
683, 1061, 1062, 1068, 1067
684, 1062, 1063, 1069, 1068
685, 1063,  250,  251, 1069
686,  260, 1064, 1070,  259
687, 1064, 1065, 1071, 1070
688, 1065, 1066, 1072, 1071
689, 1066, 1067, 1073, 1072
690, 1067, 1068, 1074, 1073
691, 1068, 1069, 1075, 1074
692, 1069,  251,  252, 1075
693,  259, 1070, 1076,  258
694, 1070, 1071, 1077, 1076
695, 1071, 1072, 1078, 1077
696, 1072, 1073, 1079, 1078
697, 1073, 1074, 1080, 1079
698, 1074, 1075, 1081, 1080
699, 1075,  252,  253, 1081
700,  258, 1076, 1082,  257
701, 1076, 1077, 1083, 1082
702, 1077, 1078, 1084, 1083
703, 1078, 1079, 1085, 1084
704, 1079, 1080, 1086, 1085
705, 1080, 1081, 1087, 1086
706, 1081,  253,  254, 1087
707,  257, 1082, 1088,  256
708, 1082, 1083, 1089, 1088
709, 1083, 1084, 1090, 1089
710, 1084, 1085, 1091, 1090
711, 1085, 1086, 1092, 1091
712, 1086, 1087, 1093, 1092
713, 1087,  254,  255, 1093
714,  256, 1088,  120,   10
715, 1088, 1089,  121,  120
716, 1089, 1090,  122,  121
717, 1090, 1091,  123,  122
718, 1091, 1092,  124,  123
719, 1092, 1093,  125,  124
720, 1093,  255,   11,  125
721,   15,  151, 1094,  284
722,  151,  150, 1095, 1094
723,  150,  149, 1096, 1095
724,  149,  148, 1097, 1096
725,  148,  147, 1098, 1097
726,  147,   14,  264, 1098
727,  284, 1094, 1099,  283
728, 1094, 1095, 1100, 1099
729, 1095, 1096, 1101, 1100
730, 1096, 1097, 1102, 1101
731, 1097, 1098, 1103, 1102
732, 1098,  264,  265, 1103
733,  283, 1099, 1104,  282
734, 1099, 1100, 1105, 1104
735, 1100, 1101, 1106, 1105
736, 1101, 1102, 1107, 1106
737, 1102, 1103, 1108, 1107
738, 1103,  265,  266, 1108
739,  282, 1104, 1109,  281
740, 1104, 1105, 1110, 1109
741, 1105, 1106, 1111, 1110
742, 1106, 1107, 1112, 1111
743, 1107, 1108, 1113, 1112
744, 1108,  266,  267, 1113
745,  281, 1109, 1114,  280
746, 1109, 1110, 1115, 1114
747, 1110, 1111, 1116, 1115
748, 1111, 1112, 1117, 1116
749, 1112, 1113, 1118, 1117
750, 1113,  267,  268, 1118
751,  280, 1114, 1119,  279
752, 1114, 1115, 1120, 1119
753, 1115, 1116, 1121, 1120
754, 1116, 1117, 1122, 1121
755, 1117, 1118, 1123, 1122
756, 1118,  268,  269, 1123
757,  279, 1119, 1124,  278
758, 1119, 1120, 1125, 1124
759, 1120, 1121, 1126, 1125
760, 1121, 1122, 1127, 1126
761, 1122, 1123, 1128, 1127
762, 1123,  269,  270, 1128
763,  278, 1124, 1129,  277
764, 1124, 1125, 1130, 1129
765, 1125, 1126, 1131, 1130
766, 1126, 1127, 1132, 1131
767, 1127, 1128, 1133, 1132
768, 1128,  270,  271, 1133
769,  277, 1129,  276,   24
770, 1129, 1130,  275,  276
771, 1130, 1131,  274,  275
772, 1131, 1132,  273,  274
773, 1132, 1133,  272,  273
774, 1133,  271,   23,  272
775,   13,  140, 1134,  305
776,  140,  139, 1135, 1134
777,  139,  138, 1136, 1135
778,  138,  137, 1137, 1136
779,  137,  136, 1138, 1137
780,  136,   12,  285, 1138
781,  305, 1134, 1139,  304
782, 1134, 1135, 1140, 1139
783, 1135, 1136, 1141, 1140
784, 1136, 1137, 1142, 1141
785, 1137, 1138, 1143, 1142
786, 1138,  285,  286, 1143
787,  304, 1139, 1144,  303
788, 1139, 1140, 1145, 1144
789, 1140, 1141, 1146, 1145
790, 1141, 1142, 1147, 1146
791, 1142, 1143, 1148, 1147
792, 1143,  286,  287, 1148
793,  303, 1144, 1149,  302
794, 1144, 1145, 1150, 1149
795, 1145, 1146, 1151, 1150
796, 1146, 1147, 1152, 1151
797, 1147, 1148, 1153, 1152
798, 1148,  287,  288, 1153
799,  302, 1149, 1154,  301
800, 1149, 1150, 1155, 1154
801, 1150, 1151, 1156, 1155
802, 1151, 1152, 1157, 1156
803, 1152, 1153, 1158, 1157
804, 1153,  288,  289, 1158
805,  301, 1154, 1159,  300
806, 1154, 1155, 1160, 1159
807, 1155, 1156, 1161, 1160
808, 1156, 1157, 1162, 1161
809, 1157, 1158, 1163, 1162
810, 1158,  289,  290, 1163
811,  300, 1159, 1164,  299
812, 1159, 1160, 1165, 1164
813, 1160, 1161, 1166, 1165
814, 1161, 1162, 1167, 1166
815, 1162, 1163, 1168, 1167
816, 1163,  290,  291, 1168
817,  299, 1164, 1169,  298
818, 1164, 1165, 1170, 1169
819, 1165, 1166, 1171, 1170
820, 1166, 1167, 1172, 1171
821, 1167, 1168, 1173, 1172
822, 1168,  291,  292, 1173
823,  298, 1169,  297,   26
824, 1169, 1170,  296,  297
825, 1170, 1171,  295,  296
826, 1171, 1172,  294,  295
827, 1172, 1173,  293,  294
828, 1173,  292,   25,  293
829,   16,  165, 1174,  313
830,  165,  164, 1175, 1174
831,  164,  163, 1176, 1175
832,  163,  162, 1177, 1176
833,  162,  161, 1178, 1177
834,  161,  160, 1179, 1178
835,  160,  159, 1180, 1179
836,  159,  158, 1181, 1180
837,  158,   11,  255, 1181
838,  313, 1174, 1182,  312
839, 1174, 1175, 1183, 1182
840, 1175, 1176, 1184, 1183
841, 1176, 1177, 1185, 1184
842, 1177, 1178, 1186, 1185
843, 1178, 1179, 1187, 1186
844, 1179, 1180, 1188, 1187
845, 1180, 1181, 1189, 1188
846, 1181,  255,  254, 1189
847,  312, 1182, 1190,  311
848, 1182, 1183, 1191, 1190
849, 1183, 1184, 1192, 1191
850, 1184, 1185, 1193, 1192
851, 1185, 1186, 1194, 1193
852, 1186, 1187, 1195, 1194
853, 1187, 1188, 1196, 1195
854, 1188, 1189, 1197, 1196
855, 1189,  254,  253, 1197
856,  311, 1190, 1198,  310
857, 1190, 1191, 1199, 1198
858, 1191, 1192, 1200, 1199
859, 1192, 1193, 1201, 1200
860, 1193, 1194, 1202, 1201
861, 1194, 1195, 1203, 1202
862, 1195, 1196, 1204, 1203
863, 1196, 1197, 1205, 1204
864, 1197,  253,  252, 1205
865,  310, 1198, 1206,  309
866, 1198, 1199, 1207, 1206
867, 1199, 1200, 1208, 1207
868, 1200, 1201, 1209, 1208
869, 1201, 1202, 1210, 1209
870, 1202, 1203, 1211, 1210
871, 1203, 1204, 1212, 1211
872, 1204, 1205, 1213, 1212
873, 1205,  252,  251, 1213
874,  309, 1206, 1214,  308
875, 1206, 1207, 1215, 1214
876, 1207, 1208, 1216, 1215
877, 1208, 1209, 1217, 1216
878, 1209, 1210, 1218, 1217
879, 1210, 1211, 1219, 1218
880, 1211, 1212, 1220, 1219
881, 1212, 1213, 1221, 1220
882, 1213,  251,  250, 1221
883,  308, 1214, 1222,  307
884, 1214, 1215, 1223, 1222
885, 1215, 1216, 1224, 1223
886, 1216, 1217, 1225, 1224
887, 1217, 1218, 1226, 1225
888, 1218, 1219, 1227, 1226
889, 1219, 1220, 1228, 1227
890, 1220, 1221, 1229, 1228
891, 1221,  250,  249, 1229
892,  307, 1222, 1230,  306
893, 1222, 1223, 1231, 1230
894, 1223, 1224, 1232, 1231
895, 1224, 1225, 1233, 1232
896, 1225, 1226, 1234, 1233
897, 1226, 1227, 1235, 1234
898, 1227, 1228, 1236, 1235
899, 1228, 1229, 1237, 1236
900, 1229,  249,  248, 1237
901,  306, 1230,  277,   24
902, 1230, 1231,  278,  277
903, 1231, 1232,  279,  278
904, 1232, 1233,  280,  279
905, 1233, 1234,  281,  280
906, 1234, 1235,  282,  281
907, 1235, 1236,  283,  282
908, 1236, 1237,  284,  283
909, 1237,  248,   15,  284
910,   17,  191, 1238,  326
911,  191,  190, 1239, 1238
912,  190,  189, 1240, 1239
913,  189,  188, 1241, 1240
914,  188,  187, 1242, 1241
915,  187,  186, 1243, 1242
916,  186,  185, 1244, 1243
917,  185,  184, 1245, 1244
918,  184,    6,  170, 1245
919,  326, 1238, 1246,  325
920, 1238, 1239, 1247, 1246
921, 1239, 1240, 1248, 1247
922, 1240, 1241, 1249, 1248
923, 1241, 1242, 1250, 1249
924, 1242, 1243, 1251, 1250
925, 1243, 1244, 1252, 1251
926, 1244, 1245, 1253, 1252
927, 1245,  170,  169, 1253
928,  325, 1246, 1254,  324
929, 1246, 1247, 1255, 1254
930, 1247, 1248, 1256, 1255
931, 1248, 1249, 1257, 1256
932, 1249, 1250, 1258, 1257
933, 1250, 1251, 1259, 1258
934, 1251, 1252, 1260, 1259
935, 1252, 1253, 1261, 1260
936, 1253,  169,  168, 1261
937,  324, 1254, 1262,  323
938, 1254, 1255, 1263, 1262
939, 1255, 1256, 1264, 1263
940, 1256, 1257, 1265, 1264
941, 1257, 1258, 1266, 1265
942, 1258, 1259, 1267, 1266
943, 1259, 1260, 1268, 1267
944, 1260, 1261, 1269, 1268
945, 1261,  168,  167, 1269
946,  323, 1262, 1270,  322
947, 1262, 1263, 1271, 1270
948, 1263, 1264, 1272, 1271
949, 1264, 1265, 1273, 1272
950, 1265, 1266, 1274, 1273
951, 1266, 1267, 1275, 1274
952, 1267, 1268, 1276, 1275
953, 1268, 1269, 1277, 1276
954, 1269,  167,  166, 1277
955,  322, 1270,  321,   27
956, 1270, 1271,  320,  321
957, 1271, 1272,  319,  320
958, 1272, 1273,  318,  319
959, 1273, 1274,  317,  318
960, 1274, 1275,  316,  317
961, 1275, 1276,  315,  316
962, 1276, 1277,  314,  315
963, 1277,  166,   16,  314
 964,   28,  327, 1278,  347
 965,  327,  328, 1279, 1278
 966,  328,  329, 1280, 1279
 967,  329,  330, 1281, 1280
 968,  330,  331, 1282, 1281
 969,  331,   29,  332, 1282
 970,  347, 1278, 1283,  346
 971, 1278, 1279, 1284, 1283
 972, 1279, 1280, 1285, 1284
 973, 1280, 1281, 1286, 1285
 974, 1281, 1282, 1287, 1286
 975, 1282,  332,  333, 1287
 976,  346, 1283, 1288,  345
 977, 1283, 1284, 1289, 1288
 978, 1284, 1285, 1290, 1289
 979, 1285, 1286, 1291, 1290
 980, 1286, 1287, 1292, 1291
 981, 1287,  333,  334, 1292
 982,  345, 1288, 1293,  344
 983, 1288, 1289, 1294, 1293
 984, 1289, 1290, 1295, 1294
 985, 1290, 1291, 1296, 1295
 986, 1291, 1292, 1297, 1296
 987, 1292,  334,  335, 1297
 988,  344, 1293, 1298,  343
 989, 1293, 1294, 1299, 1298
 990, 1294, 1295, 1300, 1299
 991, 1295, 1296, 1301, 1300
 992, 1296, 1297, 1302, 1301
 993, 1297,  335,  336, 1302
 994,  343, 1298, 1303,  342
 995, 1298, 1299, 1304, 1303
 996, 1299, 1300, 1305, 1304
 997, 1300, 1301, 1306, 1305
 998, 1301, 1302, 1307, 1306
 999, 1302,  336,  337, 1307
1000,  342, 1303, 1308,  341
1001, 1303, 1304, 1309, 1308
1002, 1304, 1305, 1310, 1309
1003, 1305, 1306, 1311, 1310
1004, 1306, 1307, 1312, 1311
1005, 1307,  337,  338, 1312
1006,  341, 1308, 1313,  340
1007, 1308, 1309, 1314, 1313
1008, 1309, 1310, 1315, 1314
1009, 1310, 1311, 1316, 1315
1010, 1311, 1312, 1317, 1316
1011, 1312,  338,  339, 1317
1012,  340, 1313,  171,   17
1013, 1313, 1314,  172,  171
1014, 1314, 1315,  173,  172
1015, 1315, 1316,  174,  173
1016, 1316, 1317,  175,  174
1017, 1317,  339,   18,  175
1018,   19,  221, 1318,  355
1019,  221,  220, 1319, 1318
1020,  220,  219, 1320, 1319
1021,  219,  218, 1321, 1320
1022,  218,  217, 1322, 1321
1023,  217,  216, 1323, 1322
1024,  216,  215, 1324, 1323
1025,  215,  214, 1325, 1324
1026,  214,    8,  199, 1325
1027,  355, 1318, 1326,  354
1028, 1318, 1319, 1327, 1326
1029, 1319, 1320, 1328, 1327
1030, 1320, 1321, 1329, 1328
1031, 1321, 1322, 1330, 1329
1032, 1322, 1323, 1331, 1330
1033, 1323, 1324, 1332, 1331
1034, 1324, 1325, 1333, 1332
1035, 1325,  199,  198, 1333
1036,  354, 1326, 1334,  353
1037, 1326, 1327, 1335, 1334
1038, 1327, 1328, 1336, 1335
1039, 1328, 1329, 1337, 1336
1040, 1329, 1330, 1338, 1337
1041, 1330, 1331, 1339, 1338
1042, 1331, 1332, 1340, 1339
1043, 1332, 1333, 1341, 1340
1044, 1333,  198,  197, 1341
1045,  353, 1334, 1342,  352
1046, 1334, 1335, 1343, 1342
1047, 1335, 1336, 1344, 1343
1048, 1336, 1337, 1345, 1344
1049, 1337, 1338, 1346, 1345
1050, 1338, 1339, 1347, 1346
1051, 1339, 1340, 1348, 1347
1052, 1340, 1341, 1349, 1348
1053, 1341,  197,  196, 1349
1054,  352, 1342, 1350,  351
1055, 1342, 1343, 1351, 1350
1056, 1343, 1344, 1352, 1351
1057, 1344, 1345, 1353, 1352
1058, 1345, 1346, 1354, 1353
1059, 1346, 1347, 1355, 1354
1060, 1347, 1348, 1356, 1355
1061, 1348, 1349, 1357, 1356
1062, 1349,  196,  195, 1357
1063,  351, 1350, 1358,  350
1064, 1350, 1351, 1359, 1358
1065, 1351, 1352, 1360, 1359
1066, 1352, 1353, 1361, 1360
1067, 1353, 1354, 1362, 1361
1068, 1354, 1355, 1363, 1362
1069, 1355, 1356, 1364, 1363
1070, 1356, 1357, 1365, 1364
1071, 1357,  195,  194, 1365
1072,  350, 1358, 1366,  349
1073, 1358, 1359, 1367, 1366
1074, 1359, 1360, 1368, 1367
1075, 1360, 1361, 1369, 1368
1076, 1361, 1362, 1370, 1369
1077, 1362, 1363, 1371, 1370
1078, 1363, 1364, 1372, 1371
1079, 1364, 1365, 1373, 1372
1080, 1365,  194,  193, 1373
1081,  349, 1366, 1374,  348
1082, 1366, 1367, 1375, 1374
1083, 1367, 1368, 1376, 1375
1084, 1368, 1369, 1377, 1376
1085, 1369, 1370, 1378, 1377
1086, 1370, 1371, 1379, 1378
1087, 1371, 1372, 1380, 1379
1088, 1372, 1373, 1381, 1380
1089, 1373,  193,  192, 1381
1090,  348, 1374,  332,   29
1091, 1374, 1375,  333,  332
1092, 1375, 1376,  334,  333
1093, 1376, 1377,  335,  334
1094, 1377, 1378,  336,  335
1095, 1378, 1379,  337,  336
1096, 1379, 1380,  338,  337
1097, 1380, 1381,  339,  338
1098, 1381,  192,   18,  339
1099,   30,  356, 1382,  366
1100,  356,  357, 1383, 1382
1101,  357,  358, 1384, 1383
1102,  358,  359, 1385, 1384
1103,  359,  360, 1386, 1385
1104,  360,  361, 1387, 1386
1105,  361,   21,  234, 1387
1106,  366, 1382, 1388,  365
1107, 1382, 1383, 1389, 1388
1108, 1383, 1384, 1390, 1389
1109, 1384, 1385, 1391, 1390
1110, 1385, 1386, 1392, 1391
1111, 1386, 1387, 1393, 1392
1112, 1387,  234,  233, 1393
1113,  365, 1388, 1394,  364
1114, 1388, 1389, 1395, 1394
1115, 1389, 1390, 1396, 1395
1116, 1390, 1391, 1397, 1396
1117, 1391, 1392, 1398, 1397
1118, 1392, 1393, 1399, 1398
1119, 1393,  233,  232, 1399
1120,  364, 1394, 1400,  363
1121, 1394, 1395, 1401, 1400
1122, 1395, 1396, 1402, 1401
1123, 1396, 1397, 1403, 1402
1124, 1397, 1398, 1404, 1403
1125, 1398, 1399, 1405, 1404
1126, 1399,  232,  231, 1405
1127,  363, 1400, 1406,  362
1128, 1400, 1401, 1407, 1406
1129, 1401, 1402, 1408, 1407
1130, 1402, 1403, 1409, 1408
1131, 1403, 1404, 1410, 1409
1132, 1404, 1405, 1411, 1410
1133, 1405,  231,  230, 1411
1134,  362, 1406,  200,   19
1135, 1406, 1407,  201,  200
1136, 1407, 1408,  202,  201
1137, 1408, 1409,  203,  202
1138, 1409, 1410,  204,  203
1139, 1410, 1411,  205,  204
1140, 1411,  230,   20,  205
1141,   31,  367, 1412,  379
1142,  367,  368, 1413, 1412
1143,  368,  369, 1414, 1413
1144,  369,  370, 1415, 1414
1145,  370,  371, 1416, 1415
1146,  371,  372, 1417, 1416
1147,  372,  373, 1418, 1417
1148,  373,  374, 1419, 1418
1149,  374,   22,  247, 1419
1150,  379, 1412, 1420,  378
1151, 1412, 1413, 1421, 1420
1152, 1413, 1414, 1422, 1421
1153, 1414, 1415, 1423, 1422
1154, 1415, 1416, 1424, 1423
1155, 1416, 1417, 1425, 1424
1156, 1417, 1418, 1426, 1425
1157, 1418, 1419, 1427, 1426
1158, 1419,  247,  246, 1427
1159,  378, 1420, 1428,  377
1160, 1420, 1421, 1429, 1428
1161, 1421, 1422, 1430, 1429
1162, 1422, 1423, 1431, 1430
1163, 1423, 1424, 1432, 1431
1164, 1424, 1425, 1433, 1432
1165, 1425, 1426, 1434, 1433
1166, 1426, 1427, 1435, 1434
1167, 1427,  246,  245, 1435
1168,  377, 1428, 1436,  376
1169, 1428, 1429, 1437, 1436
1170, 1429, 1430, 1438, 1437
1171, 1430, 1431, 1439, 1438
1172, 1431, 1432, 1440, 1439
1173, 1432, 1433, 1441, 1440
1174, 1433, 1434, 1442, 1441
1175, 1434, 1435, 1443, 1442
1176, 1435,  245,  244, 1443
1177,  376, 1436, 1444,  375
1178, 1436, 1437, 1445, 1444
1179, 1437, 1438, 1446, 1445
1180, 1438, 1439, 1447, 1446
1181, 1439, 1440, 1448, 1447
1182, 1440, 1441, 1449, 1448
1183, 1441, 1442, 1450, 1449
1184, 1442, 1443, 1451, 1450
1185, 1443,  244,  243, 1451
1186,  375, 1444,  222,   21
1187, 1444, 1445,  223,  222
1188, 1445, 1446,  224,  223
1189, 1446, 1447,  225,  224
1190, 1447, 1448,  226,  225
1191, 1448, 1449,  227,  226
1192, 1449, 1450,  228,  227
1193, 1450, 1451,  229,  228
1194, 1451,  243,    9,  229
1195,   25,  292, 1452,  387
1196,  292,  291, 1453, 1452
1197,  291,  290, 1454, 1453
1198,  290,  289, 1455, 1454
1199,  289,  288, 1456, 1455
1200,  288,  287, 1457, 1456
1201,  287,  286, 1458, 1457
1202,  286,  285, 1459, 1458
1203,  285,   12,  263, 1459
1204,  387, 1452, 1460,  386
1205, 1452, 1453, 1461, 1460
1206, 1453, 1454, 1462, 1461
1207, 1454, 1455, 1463, 1462
1208, 1455, 1456, 1464, 1463
1209, 1456, 1457, 1465, 1464
1210, 1457, 1458, 1466, 1465
1211, 1458, 1459, 1467, 1466
1212, 1459,  263,  262, 1467
1213,  386, 1460, 1468,  385
1214, 1460, 1461, 1469, 1468
1215, 1461, 1462, 1470, 1469
1216, 1462, 1463, 1471, 1470
1217, 1463, 1464, 1472, 1471
1218, 1464, 1465, 1473, 1472
1219, 1465, 1466, 1474, 1473
1220, 1466, 1467, 1475, 1474
1221, 1467,  262,  261, 1475
1222,  385, 1468, 1476,  384
1223, 1468, 1469, 1477, 1476
1224, 1469, 1470, 1478, 1477
1225, 1470, 1471, 1479, 1478
1226, 1471, 1472, 1480, 1479
1227, 1472, 1473, 1481, 1480
1228, 1473, 1474, 1482, 1481
1229, 1474, 1475, 1483, 1482
1230, 1475,  261,  260, 1483
1231,  384, 1476, 1484,  383
1232, 1476, 1477, 1485, 1484
1233, 1477, 1478, 1486, 1485
1234, 1478, 1479, 1487, 1486
1235, 1479, 1480, 1488, 1487
1236, 1480, 1481, 1489, 1488
1237, 1481, 1482, 1490, 1489
1238, 1482, 1483, 1491, 1490
1239, 1483,  260,  259, 1491
1240,  383, 1484, 1492,  382
1241, 1484, 1485, 1493, 1492
1242, 1485, 1486, 1494, 1493
1243, 1486, 1487, 1495, 1494
1244, 1487, 1488, 1496, 1495
1245, 1488, 1489, 1497, 1496
1246, 1489, 1490, 1498, 1497
1247, 1490, 1491, 1499, 1498
1248, 1491,  259,  258, 1499
1249,  382, 1492, 1500,  381
1250, 1492, 1493, 1501, 1500
1251, 1493, 1494, 1502, 1501
1252, 1494, 1495, 1503, 1502
1253, 1495, 1496, 1504, 1503
1254, 1496, 1497, 1505, 1504
1255, 1497, 1498, 1506, 1505
1256, 1498, 1499, 1507, 1506
1257, 1499,  258,  257, 1507
1258,  381, 1500, 1508,  380
1259, 1500, 1501, 1509, 1508
1260, 1501, 1502, 1510, 1509
1261, 1502, 1503, 1511, 1510
1262, 1503, 1504, 1512, 1511
1263, 1504, 1505, 1513, 1512
1264, 1505, 1506, 1514, 1513
1265, 1506, 1507, 1515, 1514
1266, 1507,  257,  256, 1515
1267,  380, 1508,  235,   22
1268, 1508, 1509,  236,  235
1269, 1509, 1510,  237,  236
1270, 1510, 1511,  238,  237
1271, 1511, 1512,  239,  238
1272, 1512, 1513,  240,  239
1273, 1513, 1514,  241,  240
1274, 1514, 1515,  242,  241
1275, 1515,  256,   10,  242
1276,   24,  276, 1516,  408
1277,  276,  275, 1517, 1516
1278,  275,  274, 1518, 1517
1279,  274,  273, 1519, 1518
1280,  273,  272, 1520, 1519
1281,  272,   23,  388, 1520
1282,  408, 1516, 1521,  407
1283, 1516, 1517, 1522, 1521
1284, 1517, 1518, 1523, 1522
1285, 1518, 1519, 1524, 1523
1286, 1519, 1520, 1525, 1524
1287, 1520,  388,  389, 1525
1288,  407, 1521, 1526,  406
1289, 1521, 1522, 1527, 1526
1290, 1522, 1523, 1528, 1527
1291, 1523, 1524, 1529, 1528
1292, 1524, 1525, 1530, 1529
1293, 1525,  389,  390, 1530
1294,  406, 1526, 1531,  405
1295, 1526, 1527, 1532, 1531
1296, 1527, 1528, 1533, 1532
1297, 1528, 1529, 1534, 1533
1298, 1529, 1530, 1535, 1534
1299, 1530,  390,  391, 1535
1300,  405, 1531, 1536,  404
1301, 1531, 1532, 1537, 1536
1302, 1532, 1533, 1538, 1537
1303, 1533, 1534, 1539, 1538
1304, 1534, 1535, 1540, 1539
1305, 1535,  391,  392, 1540
1306,  404, 1536, 1541,  403
1307, 1536, 1537, 1542, 1541
1308, 1537, 1538, 1543, 1542
1309, 1538, 1539, 1544, 1543
1310, 1539, 1540, 1545, 1544
1311, 1540,  392,  393, 1545
1312,  403, 1541, 1546,  402
1313, 1541, 1542, 1547, 1546
1314, 1542, 1543, 1548, 1547
1315, 1543, 1544, 1549, 1548
1316, 1544, 1545, 1550, 1549
1317, 1545,  393,  394, 1550
1318,  402, 1546, 1551,  401
1319, 1546, 1547, 1552, 1551
1320, 1547, 1548, 1553, 1552
1321, 1548, 1549, 1554, 1553
1322, 1549, 1550, 1555, 1554
1323, 1550,  394,  395, 1555
1324,  401, 1551,  400,   33
1325, 1551, 1552,  399,  400
1326, 1552, 1553,  398,  399
1327, 1553, 1554,  397,  398
1328, 1554, 1555,  396,  397
1329, 1555,  395,   32,  396
1330,   26,  297, 1556,  429
1331,  297,  296, 1557, 1556
1332,  296,  295, 1558, 1557
1333,  295,  294, 1559, 1558
1334,  294,  293, 1560, 1559
1335,  293,   25,  409, 1560
1336,  429, 1556, 1561,  428
1337, 1556, 1557, 1562, 1561
1338, 1557, 1558, 1563, 1562
1339, 1558, 1559, 1564, 1563
1340, 1559, 1560, 1565, 1564
1341, 1560,  409,  410, 1565
1342,  428, 1561, 1566,  427
1343, 1561, 1562, 1567, 1566
1344, 1562, 1563, 1568, 1567
1345, 1563, 1564, 1569, 1568
1346, 1564, 1565, 1570, 1569
1347, 1565,  410,  411, 1570
1348,  427, 1566, 1571,  426
1349, 1566, 1567, 1572, 1571
1350, 1567, 1568, 1573, 1572
1351, 1568, 1569, 1574, 1573
1352, 1569, 1570, 1575, 1574
1353, 1570,  411,  412, 1575
1354,  426, 1571, 1576,  425
1355, 1571, 1572, 1577, 1576
1356, 1572, 1573, 1578, 1577
1357, 1573, 1574, 1579, 1578
1358, 1574, 1575, 1580, 1579
1359, 1575,  412,  413, 1580
1360,  425, 1576, 1581,  424
1361, 1576, 1577, 1582, 1581
1362, 1577, 1578, 1583, 1582
1363, 1578, 1579, 1584, 1583
1364, 1579, 1580, 1585, 1584
1365, 1580,  413,  414, 1585
1366,  424, 1581, 1586,  423
1367, 1581, 1582, 1587, 1586
1368, 1582, 1583, 1588, 1587
1369, 1583, 1584, 1589, 1588
1370, 1584, 1585, 1590, 1589
1371, 1585,  414,  415, 1590
1372,  423, 1586, 1591,  422
1373, 1586, 1587, 1592, 1591
1374, 1587, 1588, 1593, 1592
1375, 1588, 1589, 1594, 1593
1376, 1589, 1590, 1595, 1594
1377, 1590,  415,  416, 1595
1378,  422, 1591,  421,   35
1379, 1591, 1592,  420,  421
1380, 1592, 1593,  419,  420
1381, 1593, 1594,  418,  419
1382, 1594, 1595,  417,  418
1383, 1595,  416,   34,  417
1384,   27,  321, 1596,  437
1385,  321,  320, 1597, 1596
1386,  320,  319, 1598, 1597
1387,  319,  318, 1599, 1598
1388,  318,  317, 1600, 1599
1389,  317,  316, 1601, 1600
1390,  316,  315, 1602, 1601
1391,  315,  314, 1603, 1602
1392,  314,   16,  313, 1603
1393,  437, 1596, 1604,  436
1394, 1596, 1597, 1605, 1604
1395, 1597, 1598, 1606, 1605
1396, 1598, 1599, 1607, 1606
1397, 1599, 1600, 1608, 1607
1398, 1600, 1601, 1609, 1608
1399, 1601, 1602, 1610, 1609
1400, 1602, 1603, 1611, 1610
1401, 1603,  313,  312, 1611
1402,  436, 1604, 1612,  435
1403, 1604, 1605, 1613, 1612
1404, 1605, 1606, 1614, 1613
1405, 1606, 1607, 1615, 1614
1406, 1607, 1608, 1616, 1615
1407, 1608, 1609, 1617, 1616
1408, 1609, 1610, 1618, 1617
1409, 1610, 1611, 1619, 1618
1410, 1611,  312,  311, 1619
1411,  435, 1612, 1620,  434
1412, 1612, 1613, 1621, 1620
1413, 1613, 1614, 1622, 1621
1414, 1614, 1615, 1623, 1622
1415, 1615, 1616, 1624, 1623
1416, 1616, 1617, 1625, 1624
1417, 1617, 1618, 1626, 1625
1418, 1618, 1619, 1627, 1626
1419, 1619,  311,  310, 1627
1420,  434, 1620, 1628,  433
1421, 1620, 1621, 1629, 1628
1422, 1621, 1622, 1630, 1629
1423, 1622, 1623, 1631, 1630
1424, 1623, 1624, 1632, 1631
1425, 1624, 1625, 1633, 1632
1426, 1625, 1626, 1634, 1633
1427, 1626, 1627, 1635, 1634
1428, 1627,  310,  309, 1635
1429,  433, 1628, 1636,  432
1430, 1628, 1629, 1637, 1636
1431, 1629, 1630, 1638, 1637
1432, 1630, 1631, 1639, 1638
1433, 1631, 1632, 1640, 1639
1434, 1632, 1633, 1641, 1640
1435, 1633, 1634, 1642, 1641
1436, 1634, 1635, 1643, 1642
1437, 1635,  309,  308, 1643
1438,  432, 1636, 1644,  431
1439, 1636, 1637, 1645, 1644
1440, 1637, 1638, 1646, 1645
1441, 1638, 1639, 1647, 1646
1442, 1639, 1640, 1648, 1647
1443, 1640, 1641, 1649, 1648
1444, 1641, 1642, 1650, 1649
1445, 1642, 1643, 1651, 1650
1446, 1643,  308,  307, 1651
1447,  431, 1644, 1652,  430
1448, 1644, 1645, 1653, 1652
1449, 1645, 1646, 1654, 1653
1450, 1646, 1647, 1655, 1654
1451, 1647, 1648, 1656, 1655
1452, 1648, 1649, 1657, 1656
1453, 1649, 1650, 1658, 1657
1454, 1650, 1651, 1659, 1658
1455, 1651,  307,  306, 1659
1456,  430, 1652,  401,   33
1457, 1652, 1653,  402,  401
1458, 1653, 1654,  403,  402
1459, 1654, 1655,  404,  403
1460, 1655, 1656,  405,  404
1461, 1656, 1657,  406,  405
1462, 1657, 1658,  407,  406
1463, 1658, 1659,  408,  407
1464, 1659,  306,   24,  408
1465,   36,  438, 1660,  450
1466,  438,  439, 1661, 1660
1467,  439,  440, 1662, 1661
1468,  440,  441, 1663, 1662
1469,  441,  442, 1664, 1663
1470,  442,   28,  347, 1664
1471,  450, 1660, 1665,  449
1472, 1660, 1661, 1666, 1665
1473, 1661, 1662, 1667, 1666
1474, 1662, 1663, 1668, 1667
1475, 1663, 1664, 1669, 1668
1476, 1664,  347,  346, 1669
1477,  449, 1665, 1670,  448
1478, 1665, 1666, 1671, 1670
1479, 1666, 1667, 1672, 1671
1480, 1667, 1668, 1673, 1672
1481, 1668, 1669, 1674, 1673
1482, 1669,  346,  345, 1674
1483,  448, 1670, 1675,  447
1484, 1670, 1671, 1676, 1675
1485, 1671, 1672, 1677, 1676
1486, 1672, 1673, 1678, 1677
1487, 1673, 1674, 1679, 1678
1488, 1674,  345,  344, 1679
1489,  447, 1675, 1680,  446
1490, 1675, 1676, 1681, 1680
1491, 1676, 1677, 1682, 1681
1492, 1677, 1678, 1683, 1682
1493, 1678, 1679, 1684, 1683
1494, 1679,  344,  343, 1684
1495,  446, 1680, 1685,  445
1496, 1680, 1681, 1686, 1685
1497, 1681, 1682, 1687, 1686
1498, 1682, 1683, 1688, 1687
1499, 1683, 1684, 1689, 1688
1500, 1684,  343,  342, 1689
1501,  445, 1685, 1690,  444
1502, 1685, 1686, 1691, 1690
1503, 1686, 1687, 1692, 1691
1504, 1687, 1688, 1693, 1692
1505, 1688, 1689, 1694, 1693
1506, 1689,  342,  341, 1694
1507,  444, 1690, 1695,  443
1508, 1690, 1691, 1696, 1695
1509, 1691, 1692, 1697, 1696
1510, 1692, 1693, 1698, 1697
1511, 1693, 1694, 1699, 1698
1512, 1694,  341,  340, 1699
1513,  443, 1695,  322,   27
1514, 1695, 1696,  323,  322
1515, 1696, 1697,  324,  323
1516, 1697, 1698,  325,  324
1517, 1698, 1699,  326,  325
1518, 1699,  340,   17,  326
1519,   30,  366, 1700,  458
1520,  366,  365, 1701, 1700
1521,  365,  364, 1702, 1701
1522,  364,  363, 1703, 1702
1523,  363,  362, 1704, 1703
1524,  362,   19,  355, 1704
1525,  458, 1700, 1705,  457
1526, 1700, 1701, 1706, 1705
1527, 1701, 1702, 1707, 1706
1528, 1702, 1703, 1708, 1707
1529, 1703, 1704, 1709, 1708
1530, 1704,  355,  354, 1709
1531,  457, 1705, 1710,  456
1532, 1705, 1706, 1711, 1710
1533, 1706, 1707, 1712, 1711
1534, 1707, 1708, 1713, 1712
1535, 1708, 1709, 1714, 1713
1536, 1709,  354,  353, 1714
1537,  456, 1710, 1715,  455
1538, 1710, 1711, 1716, 1715
1539, 1711, 1712, 1717, 1716
1540, 1712, 1713, 1718, 1717
1541, 1713, 1714, 1719, 1718
1542, 1714,  353,  352, 1719
1543,  455, 1715, 1720,  454
1544, 1715, 1716, 1721, 1720
1545, 1716, 1717, 1722, 1721
1546, 1717, 1718, 1723, 1722
1547, 1718, 1719, 1724, 1723
1548, 1719,  352,  351, 1724
1549,  454, 1720, 1725,  453
1550, 1720, 1721, 1726, 1725
1551, 1721, 1722, 1727, 1726
1552, 1722, 1723, 1728, 1727
1553, 1723, 1724, 1729, 1728
1554, 1724,  351,  350, 1729
1555,  453, 1725, 1730,  452
1556, 1725, 1726, 1731, 1730
1557, 1726, 1727, 1732, 1731
1558, 1727, 1728, 1733, 1732
1559, 1728, 1729, 1734, 1733
1560, 1729,  350,  349, 1734
1561,  452, 1730, 1735,  451
1562, 1730, 1731, 1736, 1735
1563, 1731, 1732, 1737, 1736
1564, 1732, 1733, 1738, 1737
1565, 1733, 1734, 1739, 1738
1566, 1734,  349,  348, 1739
1567,  451, 1735,  327,   28
1568, 1735, 1736,  328,  327
1569, 1736, 1737,  329,  328
1570, 1737, 1738,  330,  329
1571, 1738, 1739,  331,  330
1572, 1739,  348,   29,  331
1573,   37,  459, 1740,  469
1574,  459,  460, 1741, 1740
1575,  460,  461, 1742, 1741
1576,  461,  462, 1743, 1742
1577,  462,  463, 1744, 1743
1578,  463,  464, 1745, 1744
1579,  464,   31,  379, 1745
1580,  469, 1740, 1746,  468
1581, 1740, 1741, 1747, 1746
1582, 1741, 1742, 1748, 1747
1583, 1742, 1743, 1749, 1748
1584, 1743, 1744, 1750, 1749
1585, 1744, 1745, 1751, 1750
1586, 1745,  379,  378, 1751
1587,  468, 1746, 1752,  467
1588, 1746, 1747, 1753, 1752
1589, 1747, 1748, 1754, 1753
1590, 1748, 1749, 1755, 1754
1591, 1749, 1750, 1756, 1755
1592, 1750, 1751, 1757, 1756
1593, 1751,  378,  377, 1757
1594,  467, 1752, 1758,  466
1595, 1752, 1753, 1759, 1758
1596, 1753, 1754, 1760, 1759
1597, 1754, 1755, 1761, 1760
1598, 1755, 1756, 1762, 1761
1599, 1756, 1757, 1763, 1762
1600, 1757,  377,  376, 1763
1601,  466, 1758, 1764,  465
1602, 1758, 1759, 1765, 1764
1603, 1759, 1760, 1766, 1765
1604, 1760, 1761, 1767, 1766
1605, 1761, 1762, 1768, 1767
1606, 1762, 1763, 1769, 1768
1607, 1763,  376,  375, 1769
1608,  465, 1764,  356,   30
1609, 1764, 1765,  357,  356
1610, 1765, 1766,  358,  357
1611, 1766, 1767,  359,  358
1612, 1767, 1768,  360,  359
1613, 1768, 1769,  361,  360
1614, 1769,  375,   21,  361
1615,   34,  416, 1770,  477
1616,  416,  415, 1771, 1770
1617,  415,  414, 1772, 1771
1618,  414,  413, 1773, 1772
1619,  413,  412, 1774, 1773
1620,  412,  411, 1775, 1774
1621,  411,  410, 1776, 1775
1622,  410,  409, 1777, 1776
1623,  409,   25,  387, 1777
1624,  477, 1770, 1778,  476
1625, 1770, 1771, 1779, 1778
1626, 1771, 1772, 1780, 1779
1627, 1772, 1773, 1781, 1780
1628, 1773, 1774, 1782, 1781
1629, 1774, 1775, 1783, 1782
1630, 1775, 1776, 1784, 1783
1631, 1776, 1777, 1785, 1784
1632, 1777,  387,  386, 1785
1633,  476, 1778, 1786,  475
1634, 1778, 1779, 1787, 1786
1635, 1779, 1780, 1788, 1787
1636, 1780, 1781, 1789, 1788
1637, 1781, 1782, 1790, 1789
1638, 1782, 1783, 1791, 1790
1639, 1783, 1784, 1792, 1791
1640, 1784, 1785, 1793, 1792
1641, 1785,  386,  385, 1793
1642,  475, 1786, 1794,  474
1643, 1786, 1787, 1795, 1794
1644, 1787, 1788, 1796, 1795
1645, 1788, 1789, 1797, 1796
1646, 1789, 1790, 1798, 1797
1647, 1790, 1791, 1799, 1798
1648, 1791, 1792, 1800, 1799
1649, 1792, 1793, 1801, 1800
1650, 1793,  385,  384, 1801
1651,  474, 1794, 1802,  473
1652, 1794, 1795, 1803, 1802
1653, 1795, 1796, 1804, 1803
1654, 1796, 1797, 1805, 1804
1655, 1797, 1798, 1806, 1805
1656, 1798, 1799, 1807, 1806
1657, 1799, 1800, 1808, 1807
1658, 1800, 1801, 1809, 1808
1659, 1801,  384,  383, 1809
1660,  473, 1802, 1810,  472
1661, 1802, 1803, 1811, 1810
1662, 1803, 1804, 1812, 1811
1663, 1804, 1805, 1813, 1812
1664, 1805, 1806, 1814, 1813
1665, 1806, 1807, 1815, 1814
1666, 1807, 1808, 1816, 1815
1667, 1808, 1809, 1817, 1816
1668, 1809,  383,  382, 1817
1669,  472, 1810, 1818,  471
1670, 1810, 1811, 1819, 1818
1671, 1811, 1812, 1820, 1819
1672, 1812, 1813, 1821, 1820
1673, 1813, 1814, 1822, 1821
1674, 1814, 1815, 1823, 1822
1675, 1815, 1816, 1824, 1823
1676, 1816, 1817, 1825, 1824
1677, 1817,  382,  381, 1825
1678,  471, 1818, 1826,  470
1679, 1818, 1819, 1827, 1826
1680, 1819, 1820, 1828, 1827
1681, 1820, 1821, 1829, 1828
1682, 1821, 1822, 1830, 1829
1683, 1822, 1823, 1831, 1830
1684, 1823, 1824, 1832, 1831
1685, 1824, 1825, 1833, 1832
1686, 1825,  381,  380, 1833
1687,  470, 1826,  367,   31
1688, 1826, 1827,  368,  367
1689, 1827, 1828,  369,  368
1690, 1828, 1829,  370,  369
1691, 1829, 1830,  371,  370
1692, 1830, 1831,  372,  371
1693, 1831, 1832,  373,  372
1694, 1832, 1833,  374,  373
1695, 1833,  380,   22,  374
1696,   33,  400, 1834,  498
1697,  400,  399, 1835, 1834
1698,  399,  398, 1836, 1835
1699,  398,  397, 1837, 1836
1700,  397,  396, 1838, 1837
1701,  396,   32,  478, 1838
1702,  498, 1834, 1839,  497
1703, 1834, 1835, 1840, 1839
1704, 1835, 1836, 1841, 1840
1705, 1836, 1837, 1842, 1841
1706, 1837, 1838, 1843, 1842
1707, 1838,  478,  479, 1843
1708,  497, 1839, 1844,  496
1709, 1839, 1840, 1845, 1844
1710, 1840, 1841, 1846, 1845
1711, 1841, 1842, 1847, 1846
1712, 1842, 1843, 1848, 1847
1713, 1843,  479,  480, 1848
1714,  496, 1844, 1849,  495
1715, 1844, 1845, 1850, 1849
1716, 1845, 1846, 1851, 1850
1717, 1846, 1847, 1852, 1851
1718, 1847, 1848, 1853, 1852
1719, 1848,  480,  481, 1853
1720,  495, 1849, 1854,  494
1721, 1849, 1850, 1855, 1854
1722, 1850, 1851, 1856, 1855
1723, 1851, 1852, 1857, 1856
1724, 1852, 1853, 1858, 1857
1725, 1853,  481,  482, 1858
1726,  494, 1854, 1859,  493
1727, 1854, 1855, 1860, 1859
1728, 1855, 1856, 1861, 1860
1729, 1856, 1857, 1862, 1861
1730, 1857, 1858, 1863, 1862
1731, 1858,  482,  483, 1863
1732,  493, 1859, 1864,  492
1733, 1859, 1860, 1865, 1864
1734, 1860, 1861, 1866, 1865
1735, 1861, 1862, 1867, 1866
1736, 1862, 1863, 1868, 1867
1737, 1863,  483,  484, 1868
1738,  492, 1864, 1869,  491
1739, 1864, 1865, 1870, 1869
1740, 1865, 1866, 1871, 1870
1741, 1866, 1867, 1872, 1871
1742, 1867, 1868, 1873, 1872
1743, 1868,  484,  485, 1873
1744,  491, 1869,  490,   39
1745, 1869, 1870,  489,  490
1746, 1870, 1871,  488,  489
1747, 1871, 1872,  487,  488
1748, 1872, 1873,  486,  487
1749, 1873,  485,   38,  486
1750,   40,  499, 1874,  515
1751,  499,  500, 1875, 1874
1752,  500,  501, 1876, 1875
1753,  501,  502, 1877, 1876
1754,  502,  503, 1878, 1877
1755,  503,   41,  504, 1878
1756,  515, 1874, 1879,  514
1757, 1874, 1875, 1880, 1879
1758, 1875, 1876, 1881, 1880
1759, 1876, 1877, 1882, 1881
1760, 1877, 1878, 1883, 1882
1761, 1878,  504,  505, 1883
1762,  514, 1879, 1884,  513
1763, 1879, 1880, 1885, 1884
1764, 1880, 1881, 1886, 1885
1765, 1881, 1882, 1887, 1886
1766, 1882, 1883, 1888, 1887
1767, 1883,  505,  506, 1888
1768,  513, 1884, 1889,  512
1769, 1884, 1885, 1890, 1889
1770, 1885, 1886, 1891, 1890
1771, 1886, 1887, 1892, 1891
1772, 1887, 1888, 1893, 1892
1773, 1888,  506,  507, 1893
1774,  512, 1889, 1894,  511
1775, 1889, 1890, 1895, 1894
1776, 1890, 1891, 1896, 1895
1777, 1891, 1892, 1897, 1896
1778, 1892, 1893, 1898, 1897
1779, 1893,  507,  508, 1898
1780,  511, 1894, 1899,  510
1781, 1894, 1895, 1900, 1899
1782, 1895, 1896, 1901, 1900
1783, 1896, 1897, 1902, 1901
1784, 1897, 1898, 1903, 1902
1785, 1898,  508,  509, 1903
1786,  510, 1899,  417,   34
1787, 1899, 1900,  418,  417
1788, 1900, 1901,  419,  418
1789, 1901, 1902,  420,  419
1790, 1902, 1903,  421,  420
1791, 1903,  509,   35,  421
1792,   36,  450, 1904,  523
1793,  450,  449, 1905, 1904
1794,  449,  448, 1906, 1905
1795,  448,  447, 1907, 1906
1796,  447,  446, 1908, 1907
1797,  446,  445, 1909, 1908
1798,  445,  444, 1910, 1909
1799,  444,  443, 1911, 1910
1800,  443,   27,  437, 1911
1801,  523, 1904, 1912,  522
1802, 1904, 1905, 1913, 1912
1803, 1905, 1906, 1914, 1913
1804, 1906, 1907, 1915, 1914
1805, 1907, 1908, 1916, 1915
1806, 1908, 1909, 1917, 1916
1807, 1909, 1910, 1918, 1917
1808, 1910, 1911, 1919, 1918
1809, 1911,  437,  436, 1919
1810,  522, 1912, 1920,  521
1811, 1912, 1913, 1921, 1920
1812, 1913, 1914, 1922, 1921
1813, 1914, 1915, 1923, 1922
1814, 1915, 1916, 1924, 1923
1815, 1916, 1917, 1925, 1924
1816, 1917, 1918, 1926, 1925
1817, 1918, 1919, 1927, 1926
1818, 1919,  436,  435, 1927
1819,  521, 1920, 1928,  520
1820, 1920, 1921, 1929, 1928
1821, 1921, 1922, 1930, 1929
1822, 1922, 1923, 1931, 1930
1823, 1923, 1924, 1932, 1931
1824, 1924, 1925, 1933, 1932
1825, 1925, 1926, 1934, 1933
1826, 1926, 1927, 1935, 1934
1827, 1927,  435,  434, 1935
1828,  520, 1928, 1936,  519
1829, 1928, 1929, 1937, 1936
1830, 1929, 1930, 1938, 1937
1831, 1930, 1931, 1939, 1938
1832, 1931, 1932, 1940, 1939
1833, 1932, 1933, 1941, 1940
1834, 1933, 1934, 1942, 1941
1835, 1934, 1935, 1943, 1942
1836, 1935,  434,  433, 1943
1837,  519, 1936, 1944,  518
1838, 1936, 1937, 1945, 1944
1839, 1937, 1938, 1946, 1945
1840, 1938, 1939, 1947, 1946
1841, 1939, 1940, 1948, 1947
1842, 1940, 1941, 1949, 1948
1843, 1941, 1942, 1950, 1949
1844, 1942, 1943, 1951, 1950
1845, 1943,  433,  432, 1951
1846,  518, 1944, 1952,  517
1847, 1944, 1945, 1953, 1952
1848, 1945, 1946, 1954, 1953
1849, 1946, 1947, 1955, 1954
1850, 1947, 1948, 1956, 1955
1851, 1948, 1949, 1957, 1956
1852, 1949, 1950, 1958, 1957
1853, 1950, 1951, 1959, 1958
1854, 1951,  432,  431, 1959
1855,  517, 1952, 1960,  516
1856, 1952, 1953, 1961, 1960
1857, 1953, 1954, 1962, 1961
1858, 1954, 1955, 1963, 1962
1859, 1955, 1956, 1964, 1963
1860, 1956, 1957, 1965, 1964
1861, 1957, 1958, 1966, 1965
1862, 1958, 1959, 1967, 1966
1863, 1959,  431,  430, 1967
1864,  516, 1960,  491,   39
1865, 1960, 1961,  492,  491
1866, 1961, 1962,  493,  492
1867, 1962, 1963,  494,  493
1868, 1963, 1964,  495,  494
1869, 1964, 1965,  496,  495
1870, 1965, 1966,  497,  496
1871, 1966, 1967,  498,  497
1872, 1967,  430,   33,  498
1873,   37,  469, 1968,  531
1874,  469,  468, 1969, 1968
1875,  468,  467, 1970, 1969
1876,  467,  466, 1971, 1970
1877,  466,  465, 1972, 1971
1878,  465,   30,  458, 1972
1879,  531, 1968, 1973,  530
1880, 1968, 1969, 1974, 1973
1881, 1969, 1970, 1975, 1974
1882, 1970, 1971, 1976, 1975
1883, 1971, 1972, 1977, 1976
1884, 1972,  458,  457, 1977
1885,  530, 1973, 1978,  529
1886, 1973, 1974, 1979, 1978
1887, 1974, 1975, 1980, 1979
1888, 1975, 1976, 1981, 1980
1889, 1976, 1977, 1982, 1981
1890, 1977,  457,  456, 1982
1891,  529, 1978, 1983,  528
1892, 1978, 1979, 1984, 1983
1893, 1979, 1980, 1985, 1984
1894, 1980, 1981, 1986, 1985
1895, 1981, 1982, 1987, 1986
1896, 1982,  456,  455, 1987
1897,  528, 1983, 1988,  527
1898, 1983, 1984, 1989, 1988
1899, 1984, 1985, 1990, 1989
1900, 1985, 1986, 1991, 1990
1901, 1986, 1987, 1992, 1991
1902, 1987,  455,  454, 1992
1903,  527, 1988, 1993,  526
1904, 1988, 1989, 1994, 1993
1905, 1989, 1990, 1995, 1994
1906, 1990, 1991, 1996, 1995
1907, 1991, 1992, 1997, 1996
1908, 1992,  454,  453, 1997
1909,  526, 1993, 1998,  525
1910, 1993, 1994, 1999, 1998
1911, 1994, 1995, 2000, 1999
1912, 1995, 1996, 2001, 2000
1913, 1996, 1997, 2002, 2001
1914, 1997,  453,  452, 2002
1915,  525, 1998, 2003,  524
1916, 1998, 1999, 2004, 2003
1917, 1999, 2000, 2005, 2004
1918, 2000, 2001, 2006, 2005
1919, 2001, 2002, 2007, 2006
1920, 2002,  452,  451, 2007
1921,  524, 2003,  438,   36
1922, 2003, 2004,  439,  438
1923, 2004, 2005,  440,  439
1924, 2005, 2006,  441,  440
1925, 2006, 2007,  442,  441
1926, 2007,  451,   28,  442
1927,   40,  515, 2008,  539
1928,  515,  514, 2009, 2008
1929,  514,  513, 2010, 2009
1930,  513,  512, 2011, 2010
1931,  512,  511, 2012, 2011
1932,  511,  510, 2013, 2012
1933,  510,   34,  477, 2013
1934,  539, 2008, 2014,  538
1935, 2008, 2009, 2015, 2014
1936, 2009, 2010, 2016, 2015
1937, 2010, 2011, 2017, 2016
1938, 2011, 2012, 2018, 2017
1939, 2012, 2013, 2019, 2018
1940, 2013,  477,  476, 2019
1941,  538, 2014, 2020,  537
1942, 2014, 2015, 2021, 2020
1943, 2015, 2016, 2022, 2021
1944, 2016, 2017, 2023, 2022
1945, 2017, 2018, 2024, 2023
1946, 2018, 2019, 2025, 2024
1947, 2019,  476,  475, 2025
1948,  537, 2020, 2026,  536
1949, 2020, 2021, 2027, 2026
1950, 2021, 2022, 2028, 2027
1951, 2022, 2023, 2029, 2028
1952, 2023, 2024, 2030, 2029
1953, 2024, 2025, 2031, 2030
1954, 2025,  475,  474, 2031
1955,  536, 2026, 2032,  535
1956, 2026, 2027, 2033, 2032
1957, 2027, 2028, 2034, 2033
1958, 2028, 2029, 2035, 2034
1959, 2029, 2030, 2036, 2035
1960, 2030, 2031, 2037, 2036
1961, 2031,  474,  473, 2037
1962,  535, 2032, 2038,  534
1963, 2032, 2033, 2039, 2038
1964, 2033, 2034, 2040, 2039
1965, 2034, 2035, 2041, 2040
1966, 2035, 2036, 2042, 2041
1967, 2036, 2037, 2043, 2042
1968, 2037,  473,  472, 2043
1969,  534, 2038, 2044,  533
1970, 2038, 2039, 2045, 2044
1971, 2039, 2040, 2046, 2045
1972, 2040, 2041, 2047, 2046
1973, 2041, 2042, 2048, 2047
1974, 2042, 2043, 2049, 2048
1975, 2043,  472,  471, 2049
1976,  533, 2044, 2050,  532
1977, 2044, 2045, 2051, 2050
1978, 2045, 2046, 2052, 2051
1979, 2046, 2047, 2053, 2052
1980, 2047, 2048, 2054, 2053
1981, 2048, 2049, 2055, 2054
1982, 2049,  471,  470, 2055
1983,  532, 2050,  459,   37
1984, 2050, 2051,  460,  459
1985, 2051, 2052,  461,  460
1986, 2052, 2053,  462,  461
1987, 2053, 2054,  463,  462
1988, 2054, 2055,  464,  463
1989, 2055,  470,   31,  464
1990,   41,  503, 2056,  555
1991,  503,  502, 2057, 2056
1992,  502,  501, 2058, 2057
1993,  501,  500, 2059, 2058
1994,  500,  499, 2060, 2059
1995,  499,   40,  540, 2060
1996,  555, 2056, 2061,  554
1997, 2056, 2057, 2062, 2061
1998, 2057, 2058, 2063, 2062
1999, 2058, 2059, 2064, 2063
2000, 2059, 2060, 2065, 2064
2001, 2060,  540,  541, 2065
2002,  554, 2061, 2066,  553
2003, 2061, 2062, 2067, 2066
2004, 2062, 2063, 2068, 2067
2005, 2063, 2064, 2069, 2068
2006, 2064, 2065, 2070, 2069
2007, 2065,  541,  542, 2070
2008,  553, 2066, 2071,  552
2009, 2066, 2067, 2072, 2071
2010, 2067, 2068, 2073, 2072
2011, 2068, 2069, 2074, 2073
2012, 2069, 2070, 2075, 2074
2013, 2070,  542,  543, 2075
2014,  552, 2071, 2076,  551
2015, 2071, 2072, 2077, 2076
2016, 2072, 2073, 2078, 2077
2017, 2073, 2074, 2079, 2078
2018, 2074, 2075, 2080, 2079
2019, 2075,  543,  544, 2080
2020,  551, 2076, 2081,  550
2021, 2076, 2077, 2082, 2081
2022, 2077, 2078, 2083, 2082
2023, 2078, 2079, 2084, 2083
2024, 2079, 2080, 2085, 2084
2025, 2080,  544,  545, 2085
2026,  550, 2081, 2086,  549
2027, 2081, 2082, 2087, 2086
2028, 2082, 2083, 2088, 2087
2029, 2083, 2084, 2089, 2088
2030, 2084, 2085, 2090, 2089
2031, 2085,  545,  546, 2090
2032,  549, 2086, 2091,  548
2033, 2086, 2087, 2092, 2091
2034, 2087, 2088, 2093, 2092
2035, 2088, 2089, 2094, 2093
2036, 2089, 2090, 2095, 2094
2037, 2090,  546,  547, 2095
2038,  548, 2091,  486,   38
2039, 2091, 2092,  487,  486
2040, 2092, 2093,  488,  487
2041, 2093, 2094,  489,  488
2042, 2094, 2095,  490,  489
2043, 2095,  547,   39,  490
2044,   39,  547, 2096,  516
2045,  547,  546, 2097, 2096
2046,  546,  545, 2098, 2097
2047,  545,  544, 2099, 2098
2048,  544,  543, 2100, 2099
2049,  543,  542, 2101, 2100
2050,  542,  541, 2102, 2101
2051,  541,  540, 2103, 2102
2052,  540,   40,  539, 2103
2053,  516, 2096, 2104,  517
2054, 2096, 2097, 2105, 2104
2055, 2097, 2098, 2106, 2105
2056, 2098, 2099, 2107, 2106
2057, 2099, 2100, 2108, 2107
2058, 2100, 2101, 2109, 2108
2059, 2101, 2102, 2110, 2109
2060, 2102, 2103, 2111, 2110
2061, 2103,  539,  538, 2111
2062,  517, 2104, 2112,  518
2063, 2104, 2105, 2113, 2112
2064, 2105, 2106, 2114, 2113
2065, 2106, 2107, 2115, 2114
2066, 2107, 2108, 2116, 2115
2067, 2108, 2109, 2117, 2116
2068, 2109, 2110, 2118, 2117
2069, 2110, 2111, 2119, 2118
2070, 2111,  538,  537, 2119
2071,  518, 2112, 2120,  519
2072, 2112, 2113, 2121, 2120
2073, 2113, 2114, 2122, 2121
2074, 2114, 2115, 2123, 2122
2075, 2115, 2116, 2124, 2123
2076, 2116, 2117, 2125, 2124
2077, 2117, 2118, 2126, 2125
2078, 2118, 2119, 2127, 2126
2079, 2119,  537,  536, 2127
2080,  519, 2120, 2128,  520
2081, 2120, 2121, 2129, 2128
2082, 2121, 2122, 2130, 2129
2083, 2122, 2123, 2131, 2130
2084, 2123, 2124, 2132, 2131
2085, 2124, 2125, 2133, 2132
2086, 2125, 2126, 2134, 2133
2087, 2126, 2127, 2135, 2134
2088, 2127,  536,  535, 2135
2089,  520, 2128, 2136,  521
2090, 2128, 2129, 2137, 2136
2091, 2129, 2130, 2138, 2137
2092, 2130, 2131, 2139, 2138
2093, 2131, 2132, 2140, 2139
2094, 2132, 2133, 2141, 2140
2095, 2133, 2134, 2142, 2141
2096, 2134, 2135, 2143, 2142
2097, 2135,  535,  534, 2143
2098,  521, 2136, 2144,  522
2099, 2136, 2137, 2145, 2144
2100, 2137, 2138, 2146, 2145
2101, 2138, 2139, 2147, 2146
2102, 2139, 2140, 2148, 2147
2103, 2140, 2141, 2149, 2148
2104, 2141, 2142, 2150, 2149
2105, 2142, 2143, 2151, 2150
2106, 2143,  534,  533, 2151
2107,  522, 2144, 2152,  523
2108, 2144, 2145, 2153, 2152
2109, 2145, 2146, 2154, 2153
2110, 2146, 2147, 2155, 2154
2111, 2147, 2148, 2156, 2155
2112, 2148, 2149, 2157, 2156
2113, 2149, 2150, 2158, 2157
2114, 2150, 2151, 2159, 2158
2115, 2151,  533,  532, 2159
2116,  523, 2152,  524,   36
2117, 2152, 2153,  525,  524
2118, 2153, 2154,  526,  525
2119, 2154, 2155,  527,  526
2120, 2155, 2156,  528,  527
2121, 2156, 2157,  529,  528
2122, 2157, 2158,  530,  529
2123, 2158, 2159,  531,  530
2124, 2159,  532,   37,  531