      1, -0.225308433,  0.198081076
      2, -0.300000012,           0.
      3, -0.100000001,           0.
      4, -0.100000001,  0.100000001
      5, -0.100000001, -0.100000001
      6, -0.223990262, -0.199570447
      7,           0.,  0.100000001
      8,           0.,           0.
      9,           0.,  0.300000012
     10, -0.382955074,  0.321473807
     11,         -0.5,           0.
     12, -0.619280636,  0.506449938
     13, -0.776802123,  0.629744709
     14,          -1.,           0.
     15, -0.800000012,           0.
     16, -0.380054444, -0.324897885
     17,           0., -0.300000012
     18,           0., -0.100000001
     19,  0.100000001,           0.
     20,  0.100000001,  0.100000001
     21,  0.224538982,  0.198952869
     22,           0.,          0.5
     23, -0.769999981,  -0.63804388
     24, -0.614035547, -0.512796581
     25,           0.,  0.800000012
     26,           0.,           1.
     27,           0.,         -0.5
     28,  0.219561011, -0.204433277
     29,  0.100000001, -0.100000001
     30,  0.300000012,           0.
     31,  0.381263167,   0.32347858
     32,           0.,          -1.
     33,           0., -0.800000012
     34,   0.61622256,  0.510166347
     35,  0.772836864,  0.634604752
     36,   0.37023592, -0.336043686
     37,          0.5,           0.
     38,  0.746843338, -0.665000021
     39,  0.596205533, -0.533421934
     40,  0.800000012,           0.
     41,           1.,           0.
     42, -0.244354755,  0.174042389
     43,  -0.26085335,  0.148174003
     44, -0.274669141,  0.120651834
     45, -0.285629064, 0.0917390063
     46, -0.293572754, 0.0617659353
     47, -0.298386306, 0.0310742725
     48, -0.264598817,           0.
     49, -0.230770558,           0.
     50, -0.198038891,           0.
     51, -0.165100664,           0.
     52, -0.132468536,           0.
     53, -0.100000001, 0.0155101111
     54, -0.100000001, 0.0312935412
     55, -0.100000001, 0.0469198935
     56, -0.100000001, 0.0620732941
     57, -0.100000001, 0.0764664337
     58, -0.100000001, 0.0909800753
     59,   -0.1153033,  0.111978158
     60,  -0.13431254,  0.126857013
     61, -0.155048594,  0.143087491
     62,  -0.17735593,  0.160547823
     63, -0.201030478,  0.179078296
     64, -0.100000001, -0.0921181366
     65, -0.100000001, -0.0823861435
     66, -0.100000001, -0.0717253909
     67, -0.100000001, -0.0605223775
     68, -0.100000001, -0.0485762432
     69, -0.100000001, -0.0368174091
     70, -0.100000001, -0.0248776712
     71, -0.100000001, -0.0125976242
     72, -0.299001515, -0.0244558547
     73, -0.296019971, -0.0487050526
     74, -0.291084468, -0.0725936666
     75, -0.284240633, -0.0959545001
     76, -0.275554597,  -0.11861562
     77, -0.265106171, -0.140423372
     78, -0.252981901, -0.161245629
     79, -0.239257589, -0.180985644
     80, -0.200561211, -0.180755734
     81, -0.177937746, -0.162587941
     82, -0.155848071, -0.144848824
     83, -0.135111406, -0.128196239
     84, -0.116049893, -0.112888873
     85,  -0.01265598,  0.100000001
     86, -0.0250660442,  0.100000001
     87, -0.0376166366,  0.100000001
     88, -0.0509989113,  0.100000001
     89, -0.0630539209,  0.100000001
     90, -0.0748016536,  0.100000001
     91, -0.085964784,  0.100000001
     92, -0.0937990248,  0.100000001
     93, -0.0888924971,           0.
     94, -0.0777824745,           0.
     95, -0.0666711032,           0.
     96, -0.0555595271,           0.
     97, -0.0444477722,           0.
     98, -0.0333357416,           0.
     99, -0.0222236589,           0.
    100, -0.0111118248,           0.
    101,           0., 0.0142857451
    102,           0., 0.0285715275
    103,           0., 0.0428573564
    104,           0., 0.0571432114
    105,           0., 0.0714290887
    106,           0., 0.0857148021
    107, -0.028603958,  0.298633248
    108, -0.0569314323,  0.294548482
    109, -0.0846579969,  0.287807256
    110, -0.111599416,  0.278470039
    111, -0.137457296,  0.266656131
    112, -0.161966041,  0.252521276
    113, -0.184890911,  0.236252725
    114, -0.206043974,  0.218050182
    115,           0.,  0.132579014
    116,           0.,  0.165263772
    117,           0.,  0.198209926
    118,           0.,  0.231090888
    119,           0.,  0.264607787
    120, -0.413073182,  0.281727791
    121, -0.439102471,  0.239142254
    122, -0.460751683,  0.194185153
    123, -0.477807492,  0.147309184
    124, -0.490104795, 0.0989812985
    125, -0.497522861, 0.0497091562
    126, -0.463217735,           0.
    127, -0.429072261,           0.
    128, -0.396940261,           0.
    129,  -0.36323446,           0.
    130, -0.330443323,           0.
    131, -0.249034643,  0.216651991
    132, -0.274406314,  0.236510828
    133, -0.301204026,  0.257485867
    134, -0.327489913,  0.278060287
    135, -0.354045868,  0.298846096
    136, -0.643457115,   0.52537328
    137, -0.669273198,   0.54557997
    138, -0.695385635,  0.566018641
    139, -0.720054209,  0.585327148
    140, -0.748140812,   0.60731101
    141, -0.834152341,  0.551534057
    142, -0.883764148,  0.467932582
    143, -0.925059497,  0.379822254
    144, -0.957606792,  0.288078457
    145, -0.981081724,  0.193594158
    146, -0.995258749, 0.0972627476
    147, -0.963461995,           0.
    148, -0.925068021,           0.
    149, -0.893206358,           0.
    150, -0.858972907,           0.
    151, -0.828202844,           0.
    152, -0.796167731, 0.0782107487
    153, -0.784709573,  0.155662864
    154, -0.765735865,  0.231621653
    155, -0.739419162,  0.305383861
    156, -0.706014276,  0.376223117
    157, -0.665836394,  0.443465769
    158, -0.498458564, -0.0392306671
    159, -0.493846178, -0.0782045349
    160, -0.486186355, -0.116716899
    161, -0.475522846, -0.154525101
    162, -0.461921275, -0.191386327
    163, -0.445464224, -0.227071822
    164, -0.426251084, -0.261361867
    165, -0.404398799, -0.294043541
    166, -0.351471245, -0.301944107
    167, -0.325311124, -0.280936241
    168, -0.298744112, -0.259601593
    169, -0.273313314, -0.239179358
    170, -0.248178214, -0.218994603
    171,           0., -0.264762461
    172,           0., -0.231084406
    173,           0., -0.197822958
    174,           0., -0.165130839
    175,           0., -0.132479727
    176, -0.0124846436, -0.100000001
    177, -0.024363853, -0.100000001
    178, -0.0362084694, -0.100000001
    179, -0.0483830683, -0.100000001
    180, -0.0616299361, -0.100000001
    181, -0.0740159974, -0.100000001
    182, -0.085254088, -0.100000001
    183, -0.0937569886, -0.100000001
    184,  -0.20476149, -0.219254941
    185, -0.183671817, -0.237201735
    186, -0.160850823, -0.253233135
    187, -0.136495158, -0.267149895
    188, -0.110828452, -0.278777778
    189, -0.0840862095, -0.287974834
    190, -0.0565211363, -0.294627488
    191, -0.028403949, -0.298652321
    192,           0., -0.0888890177
    193,           0., -0.0777779669
    194,           0., -0.0666668192
    195,           0., -0.055555664
    196,           0., -0.0444445536
    197,           0., -0.0333334506
    198,           0., -0.0222223215
    199,           0., -0.0111111654
    200,  0.100000001, 0.0157441851
    201,  0.100000001, 0.0310537796
    202,  0.100000001, 0.0464492887
    203,  0.100000001, 0.0617272593
    204,  0.100000001, 0.0764107332
    205,  0.100000001, 0.0911774486
    206, 0.0938534588,  0.100000001
    207, 0.0852958933,  0.100000001
    208, 0.0744246989,  0.100000001
    209, 0.0625449196,  0.100000001
    210, 0.0504178591,  0.100000001
    211, 0.0385402292,  0.100000001
    212, 0.0257220231,  0.100000001
    213, 0.0128187789,  0.100000001
    214, 0.0111111114,           0.
    215, 0.0222222228,           0.
    216, 0.0333333351,           0.
    217, 0.0444444455,           0.
    218,  0.055555556,           0.
    219, 0.0666666701,           0.
    220, 0.0777777806,           0.
    221,  0.088888891,           0.
    222,  0.205225408,  0.218820766
    223,  0.184053108,  0.236906007
    224,  0.161174983,  0.253026932
    225,  0.136767998,  0.267010331
    226,  0.111050688,  0.278689325
    227, 0.0842501149,  0.287926942
    228,   0.05663855,  0.294604957
    229,  0.028468525,  0.298646182
    230,  0.115131631,  0.112022892
    231,  0.134012967,  0.127025113
    232,  0.154538333,  0.143333614
    233,  0.176747411,  0.160979912
    234,  0.200072557,  0.179512993
    235, -0.0484254621,  0.497649461
    236, -0.0963751227,  0.490623921
    237, -0.143407583,  0.478992969
    238, -0.189088494,  0.462866664
    239, -0.232995898,  0.442394525
    240, -0.274716675,  0.417768776
    241, -0.313831896,  0.389242262
    242, -0.350016981,   0.35705477
    243,           0.,  0.330749422
    244,           0.,  0.363898784
    245,           0.,  0.396686405
    246,           0.,  0.429059505
    247,           0.,  0.463616878
    248, -0.761739492,           0.
    249, -0.724442244,           0.
    250, -0.690846205,           0.
    251, -0.657095015,           0.
    252, -0.623956561,           0.
    253, -0.591468394,           0.
    254, -0.559192419,           0.
    255, -0.528239369,           0.
    256, -0.406160057,  0.339636773
    257,  -0.43110612,   0.35916248
    258, -0.457921565,  0.380151391
    259, -0.482823849,  0.399642855
    260, -0.509823024,  0.420775563
    261, -0.534516752,  0.440103769
    262, -0.560848653,  0.460714221
    263, -0.589500189,   0.48314026
    264, -0.997039437, -0.0768915564
    265, -0.988170385, -0.153360009
    266, -0.973441839, -0.228934333
    267, -0.952944219, -0.303145617
    268, -0.926803231,  -0.37554732
    269, -0.895190239, -0.445684254
    270, -0.858322859, -0.513110042
    271, -0.816467404, -0.577391505
    272, -0.738641918, -0.612861753
    273, -0.710012555,  -0.58987093
    274, -0.684475601, -0.569363475
    275, -0.660600424, -0.550190508
    276, -0.636402965, -0.530758739
    277, -0.651793003, -0.463859767
    278, -0.685676098, -0.412126511
    279, -0.715464234, -0.357925862
    280, -0.740976274, -0.301586002
    281, -0.762058914, -0.243446514
    282, -0.778586745, -0.183855072
    283, -0.790461659,   -0.1231682
    284, -0.797611237, -0.0617760047
    285, -0.566522956,  0.564846694
    286, -0.508331001,  0.617737472
    287, -0.445214093,  0.664668679
    288, -0.377788514,  0.705177844
    289,  -0.30670923,  0.738870382
    290, -0.232664526,  0.765419662
    291, -0.156371251,  0.784568667
    292, -0.0785687119,  0.796132505
    293,           0.,   0.83065027
    294,           0.,   0.86343205
    295,           0.,  0.896585047
    296,           0.,   0.92985189
    297,           0.,  0.963592649
    298, -0.0986102074,  0.995126128
    299, -0.196248248,  0.980554223
    300, -0.291975439,  0.956425786
    301, -0.384859651,  0.922975123
    302, -0.473996878,  0.880526543
    303, -0.558525622,  0.829487264
    304, -0.637640238,  0.770334303
    305, -0.710610569,  0.703585565
    306, -0.583728731, -0.488458604
    307, -0.557103038, -0.467076868
    308, -0.530499637, -0.445712984
    309, -0.504610538, -0.424922705
    310, -0.478557229,  -0.40400058
    311,  -0.45309779, -0.383555382
    312, -0.427613497, -0.363090217
    313, -0.403307199, -0.343571007
    314, -0.347185045, -0.359809041
    315, -0.311158419, -0.391382724
    316, -0.272259384, -0.419374317
    317, -0.230835229, -0.443525761
    318, -0.187279701,  -0.46360147
    319, -0.141997293, -0.479412943
    320, -0.0954034254, -0.490813792
    321, -0.0479236841, -0.497698009
    322,           0., -0.463403434
    323,           0., -0.428778231
    324,           0., -0.396602631
    325,           0., -0.363618881
    326,           0., -0.330600739
    327,  0.197214618, -0.184914321
    328,  0.175141588, -0.165634125
    329,   0.15390107, -0.147081107
    330,   0.13362205, -0.129367933
    331,  0.115346141, -0.113404438
    332, 0.0940853581, -0.100000001
    333, 0.0846381411, -0.100000001
    334, 0.0731212348, -0.100000001
    335, 0.0617731996, -0.100000001
    336, 0.0496004745, -0.100000001
    337, 0.0372456647, -0.100000001
    338, 0.0250730682, -0.100000001
    339, 0.0128661711, -0.100000001
    340, 0.0276342165, -0.298724532
    341, 0.0549884513, -0.294917405
    342, 0.0818172321, -0.288627684
    343,   0.10791146, -0.279919833
    344,  0.133001402, -0.268906355
    345,      0.15693, -0.255681396
    346,  0.179431185, -0.240425557
    347,  0.200353533, -0.223290086
    348,  0.100000001, -0.0925210044
    349,  0.100000001, -0.0833585039
    350,  0.100000001, -0.0721120611
    351,  0.100000001, -0.0605398379
    352,  0.100000001, -0.0489188172
    353,  0.100000001, -0.0368106551
    354,  0.100000001, -0.0248466171
    355,  0.100000001, -0.0124601247
    356,  0.298364788, 0.0312803052
    357,  0.293480068, 0.0622048862
    358,  0.285421699, 0.0923820809
    359,  0.274320424,  0.121442601
    360,  0.260348767,  0.149058759
    361,  0.243692756,  0.174968123
    362,  0.132546559,           0.
    363,  0.165224135,           0.
    364,  0.197992623,           0.
    365,  0.231008962,           0.
    366,  0.264738381,           0.
    367,  0.348329067,  0.358701617
    368,  0.312185258,  0.390564173
    369,  0.273150951,  0.418794155
    370,  0.231585085,  0.443134695
    371,  0.187872633,  0.463361502
    372,  0.142421901,  0.479286969
    373, 0.0956748202,  0.490760982
    374,  0.048048947,  0.497685939
    375,  0.247660965,   0.21732451
    376,  0.272727162,   0.23724094
    377,  0.298573762,  0.257777452
    378,  0.324498951,  0.278376371
    379,  0.351722866,  0.300007224
    380,           0.,  0.529136658
    381,           0.,   0.56194526
    382,           0.,  0.595620334
    383,           0.,  0.629624784
    384,           0.,  0.661561966
    385,           0.,  0.695307076
    386,           0.,   0.73000586
    387,           0.,  0.764023006
    388, -0.703812599,  -0.71038568
    389, -0.631051421, -0.775741041
    390,  -0.55234164, -0.833617806
    391, -0.468418181, -0.883506894
    392, -0.380074471, -0.924955904
    393, -0.288153261, -0.957584321
    394, -0.193553105, -0.981089771
    395, -0.0971920714, -0.995265663
    396,           0., -0.957347035
    397,           0.,   -0.9212327
    398,           0., -0.889563084
    399,           0.,  -0.85902983
    400,           0., -0.828055501
    401, -0.0776161104, -0.796225905
    402, -0.154517651, -0.784935832
    403, -0.229973391, -0.766232491
    404, -0.303263009, -0.740291536
    405, -0.373690099, -0.707358241
    406, -0.440562725, -0.667760789
    407, -0.503304541, -0.621839643
    408, -0.561296761, -0.570040286
    409, 0.0780382603,  0.796184659
    410,   0.15532583,   0.78477633
    411,  0.231133848,  0.765883267
    412,  0.304737359,  0.739685833
    413,  0.375434577,  0.706433892
    414,  0.442550957,  0.666444778
    415,  0.505445778,  0.620100439
    416,   0.56351757,  0.567844987
    417,  0.639068961,  0.528319001
    418,  0.665484846,  0.549307883
    419,  0.691424489,  0.569918275
    420,  0.717440963,  0.590589821
    421,  0.743895829,  0.611609578
    422,  0.706712365,  0.707500935
    423,  0.633928001,  0.773392081
    424,  0.555106163,   0.83177948
    425,  0.470973074,   0.88214761
    426,  0.382324755,  0.924028039
    427,  0.290008068,  0.957024217
    428,  0.194907755,   0.98082155
    429, 0.0979311392,  0.995193183
    430,           0., -0.763934314
    431,           0., -0.727465034
    432,           0., -0.693635702
    433,           0., -0.661898792
    434,           0., -0.629059196
    435,           0., -0.595766902
    436,           0., -0.564183712
    437,           0., -0.531048775
    438,  0.342903793,  -0.31216982
    439,  0.316981763, -0.289527655
    440,  0.291674495, -0.267422438
    441,  0.266853243, -0.245741755
    442,  0.242550388, -0.224513873
    443, 0.0462409183, -0.497857183
    444, 0.0920691341, -0.491450161
    445,  0.137120545, -0.480830491
    446,  0.181010947, -0.466084808
    447,   0.22334829, -0.447342753
    448,  0.263771802, -0.424763978
    449,  0.301939964, -0.398537636
    450,  0.337525517, -0.368885517
    451,  0.235608816, -0.185710758
    452,  0.250090927, -0.165694088
    453,  0.262927115, -0.144462198
    454,  0.274010926,  -0.12213929
    455,  0.283235967, -0.098880671
    456,  0.290511042, -0.0748554245
    457,  0.295762658, -0.0502439886
    458,  0.298936903, -0.025233468
    459,  0.497474194, 0.0501939729
    460,  0.489923447, 0.0998749733
    461,  0.477423549,  0.148548812
    462,  0.460101902,  0.195719779
    463,    0.4381423,  0.240896925
    464,  0.411761075,  0.283642054
    465,  0.330057621,           0.
    466,  0.362487018,           0.
    467,  0.395598978,           0.
    468,  0.428942233,           0.
    469,  0.463100314,           0.
    470,  0.403924048,  0.341483861
    471,  0.426542848,  0.359455705
    472,  0.450689375,  0.378641427
    473,  0.476568371,  0.399203658
    474,  0.507029593,   0.42340669
    475,  0.532531977,  0.443669736
    476,  0.558194757,  0.464060187
    477,  0.586697042,  0.486706734
    478,  0.093641147, -0.995606005
    479,   0.18642807, -0.982468605
    480,  0.277543157, -0.960713148
    481,  0.366196781, -0.930537403
    482,  0.451622695, -0.892209053
    483,  0.533078551,  -0.84606576
    484,   0.60986644, -0.792504191
    485,  0.681323588,  -0.73198235
    486,  0.718092144, -0.639886618
    487,  0.689608932, -0.615007281
    488,  0.664458334, -0.593038917
    489,  0.641092598, -0.572629571
    490,  0.617519855, -0.552039504
    491,  0.543851316, -0.586707592
    492,  0.486741453, -0.634887993
    493,  0.425378174, -0.677534819
    494,  0.360303551, -0.714269817
    495,  0.292087436, -0.744771719
    496,  0.221324101, -0.768775403
    497,  0.148637652, -0.786070526
    498, 0.0746516436, -0.796509326
    499,  0.830779612,           0.
    500,   0.86347127,           0.
    501,   0.89665246,           0.
    502,  0.928893745,           0.
    503,  0.963883817,           0.
    504,  0.995171607, 0.0981500372
    505,  0.980739117,   0.19532232
    506,  0.956835091,  0.290631473
    507,  0.923689544,  0.383141756
    508,  0.881634772,  0.471932352
    509,  0.831131577,  0.556075752
    510,  0.663522422,  0.446920574
    511,  0.704361677,  0.379308105
    512,  0.738337457,  0.307989866
    513,  0.765114427,  0.233666152
    514,  0.784430921,  0.157061026
    515,  0.796097875, 0.0789187923
    516,   0.56816715,  -0.50893122
    517,  0.542505085, -0.486516118
    518,    0.5177297, -0.464875489
    519,  0.491777927, -0.442207307
    520,  0.467342019, -0.420863211
    521,  0.441743672, -0.398503751
    522,  0.417558014, -0.377378255
    523,  0.393066883,  -0.35598591
    524,  0.396481574,  -0.30463478
    525,  0.420073271, -0.271179736
    526,  0.440846205, -0.235912308
    527,  0.458664775, -0.199064359
    528,    0.4734101, -0.160881519
    529,  0.484984368, -0.121614859
    530,  0.493306667, -0.0815385357
    531,  0.498323202, -0.040914353
    532,  0.530054927,           0.
    533,  0.562596619,           0.
    534,  0.595075011,           0.
    535,   0.62998426,           0.
    536,  0.661970913,           0.
    537,  0.694094121,           0.
    538,  0.728614032,           0.
    539,  0.762504637,           0.
    540,  0.797369659, -0.0648199469
    541,  0.789494395, -0.129223064
    542,  0.776426911, -0.192772537
    543,  0.758259714, -0.255033791
    544,  0.735109806,  -0.31561622
    545,  0.707126081, -0.374129266
    546,  0.674500883, -0.430172741
    547,  0.637446046, -0.483386517
    548,   0.79796958,  -0.60269767
    549,  0.843987048, -0.536363602
    550,  0.884537935, -0.466468215
    551,   0.91932112, -0.393508136
    552,  0.948101342, -0.317968339
    553,  0.970689118, -0.240338475
    554,  0.986935914, -0.161113277
    555,  0.996728718, -0.0808197036
    556, -0.217255577,  0.157069489
    557, -0.231342793,  0.133607283
    558, -0.242893636,  0.108647466
    559, -0.251922011, 0.0824993178
    560, -0.258469582,  0.055481527
    561, -0.262591362, 0.0278856792
    562, -0.191218495,  0.140924305
    563, -0.203371733,  0.120035537
    564, -0.212759405, 0.0975289121
    565,  -0.22002998, 0.0739781484
    566, -0.225257546, 0.0497078449
    567, -0.228755862, 0.0249692108
    568, -0.166310668,  0.125798061
    569, -0.175908566,  0.107116297
    570, -0.183684751, 0.0871390626
    571, -0.189215273, 0.0660914034
    572, -0.193357289, 0.0443626195
    573, -0.196303293, 0.0222796556
    574, -0.142984197,  0.112038456
    575, -0.150267139, 0.0954924971
    576, -0.155328289,  0.077684544
    577, -0.159180611, 0.0589148812
    578, -0.162355572, 0.0394297615
    579, -0.164138362, 0.0197813269
    580, -0.121046446,  0.100006245
    581, -0.125317797, 0.0850570202
    582, -0.127568156, 0.0693326369
    583, -0.129447922, 0.0525885411
    584, -0.130935565, 0.0352313295
    585, -0.131885618, 0.0176306926
    586, -0.120943479, -0.103823222
    587, -0.124337532, -0.0929204226
    588, -0.126994595, -0.0806450471
    589, -0.128537744, -0.0683532432
    590, -0.130031079, -0.0551690683
    591, -0.131113052, -0.0417354852
    592,  -0.13184011, -0.0280522574
    593, -0.132252574, -0.0141188893
    594, -0.142713547, -0.117276922
    595,  -0.14890337, -0.104936875
    596, -0.153539062, -0.0913186893
    597, -0.157125324, -0.0770764723
    598, -0.159986705, -0.0622607321
    599, -0.162162825, -0.0470600948
    600, -0.163649216, -0.0315716974
    601, -0.164553046, -0.0158578511
    602, -0.165384188,  -0.13187708
    603, -0.173909888, -0.117922395
    604, -0.180567384, -0.102651194
    605, -0.185810849, -0.0865515471
    606, -0.190053239, -0.0698880702
    607, -0.193313926, -0.0528040975
    608, -0.195593432, -0.0354022086
    609,  -0.19704771, -0.0177695248
    610, -0.189065218, -0.147460207
    611, -0.199104443, -0.131471425
    612, -0.207846224, -0.114523306
    613, -0.214788288, -0.0965863317
    614,  -0.22045669, -0.0780183896
    615, -0.224844575, -0.0589602143
    616, -0.227952689, -0.0395302773
    617,  -0.22987856, -0.0198383592
    618,  -0.21378088, -0.163880184
    619, -0.225596443, -0.145979807
    620, -0.235818893, -0.127048984
    621, -0.244499907,  -0.10723266
    622, -0.251651019, -0.0866829306
    623, -0.257236809, -0.0655443594
    624, -0.261238188, -0.0439583324
    625, -0.263679266, -0.0220631361
    626, -0.0118814409, 0.0857144892
    627, -0.0235055648, 0.0857143402
    628, -0.0356683992, 0.0857158974
    629, -0.0480128191, 0.0857417583
    630, -0.0598590784, 0.0858247504
    631, -0.0712165758, 0.0860522762
    632, -0.0820891783, 0.0866692215
    633, -0.0914861932, 0.0879600793
    634, -0.0114793004, 0.0714288205
    635, -0.0228691325, 0.0714286715
    636, -0.0341437794, 0.0714286044
    637, -0.0455451794, 0.0714297295
    638, -0.0571529977, 0.0715049878
    639, -0.0685661137,  0.071814388
    640, -0.0796891823, 0.0726645291
    641, -0.0901595503, 0.0742683858
    642, -0.0112784468, 0.0571430549
    643, -0.0225298665, 0.0571429506
    644, -0.0337293334, 0.0571428984
    645, -0.0449318737, 0.0571496412
    646, -0.056253057, 0.0572409183
    647, -0.0675380155, 0.0576058552
    648, -0.0786575973, 0.0584851503
    649, -0.0894919783, 0.0600294583
    650, -0.0111836577, 0.0428572744
    651, -0.0223617926, 0.0428572148
    652, -0.0335194804, 0.0428571776
    653, -0.0446676947, 0.0428669527
    654, -0.0558603182, 0.0429584533
    655, -0.0670515299, 0.0432982072
    656, -0.0781702697, 0.0440631136
    657, -0.0891507566, 0.0452910066
    658, -0.0111412928, 0.0285715032
    659, -0.0222829543, 0.0285714716
    660, -0.0334174335, 0.0285714511
    661, -0.0445459709, 0.0285810679
    662, -0.0556883626, 0.0286581628
    663, -0.066832833, 0.0289209671
    664, -0.0779483765, 0.0294680744
    665, -0.0890049636, 0.0302880518
    666, -0.0111227389, 0.0142857451
    667, -0.0222463775, 0.0142857339
    668, -0.0333678909, 0.0142857255
    669, -0.0444869548, 0.0142934788
    670, -0.055609908, 0.0143420435
    671, -0.0667335689,  0.014488182
    672, -0.0778462887, 0.0147639597
    673, -0.088935934, 0.0151405307
    674, -0.0253918245,  0.263311267
    675, -0.0505553782,  0.259879649
    676, -0.0752540976,  0.254262775
    677, -0.099295333,  0.246537045
    678, -0.122441076,  0.236783713
    679, -0.144413114,  0.225046173
    680, -0.164930582,  0.211410046
    681, -0.183921665,  0.196148857
    682, -0.0224012379,  0.229900166
    683, -0.0446027033,  0.226910532
    684, -0.0664555132,  0.222334608
    685, -0.0877929479,  0.216100991
    686, -0.108380191,  0.208304912
    687, -0.127949134,  0.198830992
    688, -0.146073461,  0.187626585
    689, -0.162470877,  0.174687386
    690, -0.0195602085,  0.197041959
    691, -0.0389945135,  0.195088416
    692, -0.0581778474,  0.191608801
    693, -0.0770195127,   0.18664442
    694, -0.0951578468,  0.180778563
    695, -0.112487443,  0.173469827
    696, -0.128398478,  0.164699957
    697, -0.142532974,  0.154422164
    698, -0.0169077963,  0.164669365
    699, -0.0339395814,  0.163010716
    700, -0.0507338457,  0.160671562
    701, -0.0671543479,   0.15758945
    702, -0.0828012303,  0.154043555
    703, -0.0982223526,  0.148757055
    704, -0.112194881,  0.142535836
    705, -0.124213956,  0.135213807
    706, -0.014711583,  0.132175565
    707, -0.0293921567,  0.131370097
    708, -0.0439989492,   0.13020508
    709, -0.0586443357,  0.128657773
    710, -0.072496213,  0.126795396
    711, -0.0858463272,  0.124149494
    712, -0.0979508907,   0.12093953
    713, -0.107815951,  0.117036082
    714, -0.381593347,  0.261485785
    715, -0.405800492,  0.221927211
    716, -0.426105082,  0.180267632
    717, -0.442284495,    0.1368815
    718, -0.453248411, 0.0918999761
    719, -0.459944993, 0.0461228788
    720, -0.353389829,  0.243408456
    721, -0.376350045,  0.206796587
    722, -0.395516574,  0.168066949
    723, -0.411930323,  0.128043488
    724, -0.420206189, 0.0855769664
    725, -0.425677627, 0.0428730622
    726, -0.324343383,  0.224830791
    727, -0.345070094,  0.190691084
    728, -0.363102853,  0.155064434
    729,  -0.37692371,  0.117703199
    730, -0.387136489, 0.0791781098
    731, -0.393487066, 0.0397924036
    732, -0.295800567,  0.206616178
    733, -0.315228045,  0.175419539
    734, -0.331347018,  0.142491192
    735, -0.344011575,  0.108153924
    736, -0.353342474, 0.0727313831
    737, -0.359755129, 0.0365982726
    738, -0.269013733,  0.189601839
    739, -0.286781132,   0.16106163
    740, -0.301670998,  0.130943596
    741, -0.313407868, 0.0994517058
    742, -0.322021484, 0.0669039935
    743,  -0.32765156,  0.033644136
    744,  -0.69037658,  0.459094673
    745, -0.716556728,  0.475890815
    746, -0.743163347,  0.493046403
    747, -0.770103097,  0.510381937
    748, -0.802330792,  0.530874014
    749,  -0.73161459,  0.389256954
    750, -0.758209825,   0.40295276
    751, -0.785186052,  0.416973203
    752, -0.814242482,  0.431965351
    753, -0.850000679,  0.450249195
    754, -0.764554143,  0.315353692
    755,  -0.79132998,  0.326106131
    756, -0.819952369,  0.337581873
    757, -0.851252317,  0.350088865
    758, -0.889746249,  0.365431398
    759, -0.790599108,  0.238884985
    760, -0.817564845,  0.246795684
    761, -0.847983539,  0.255672932
    762, -0.880901396,  0.265317678
    763, -0.921563983,  0.277286321
    764, -0.809591293,  0.160404071
    765,  -0.83759743,  0.165721923
    766, -0.868858039,   0.17166768
    767, -0.902748883,  0.178203568
    768, -0.943718851,  0.186250687
    769, -0.821767211, 0.0805557668
    770, -0.851179838, 0.0832692832
    771, -0.885121167, 0.0865619555
    772, -0.917517185, 0.0895782337
    773, -0.957074106, 0.0935283601
    774, -0.264643848, -0.198211342
    775, -0.279569089, -0.176350325
    776, -0.292752683, -0.153399631
    777,  -0.30408439,  -0.12944822
    778, -0.313583434, -0.104654752
    779, -0.320876122, -0.0791090429
    780,  -0.32604152, -0.0530307107
    781, -0.329216093, -0.0266037975
    782, -0.291403383, -0.216433898
    783, -0.307714522, -0.192471594
    784, -0.321899265, -0.167246416
    785, -0.334173888, -0.141035125
    786, -0.343911499,  -0.11381267
    787, -0.351665258, -0.0859623775
    788, -0.357419103, -0.0576129444
    789, -0.361301214, -0.0289189629
    790, -0.318281084,  -0.23483251
    791, -0.335884869, -0.208746776
    792, -0.351032645, -0.181251436
    793, -0.364207894, -0.152764738
    794, -0.375016689,  -0.12332578
    795, -0.383846045, -0.0932090208
    796, -0.390319526, -0.0624908879
    797, -0.394711316, -0.0313806832
    798, -0.346074313, -0.253911287
    799,  -0.36498037, -0.225640312
    800, -0.381608218, -0.196023554
    801, -0.395863384, -0.165216491
    802, -0.406990439, -0.133205026
    803, -0.416036904, -0.100568987
    804, -0.422679096, -0.0673760027
    805, -0.426992953, -0.033793848
    806, -0.374126017, -0.273188353
    807, -0.394452274,  -0.24279505
    808, -0.412324667, -0.210930184
    809, -0.427637935, -0.177778289
    810, -0.440092593,  -0.14348191
    811, -0.449882776, -0.108348809
    812, -0.456979275, -0.0725870132
    813, -0.461412132, -0.0364028811
    814, -0.0252236947,  -0.26335454
    815, -0.0222601108, -0.229784757
    816, -0.0194575973, -0.197157025
    817, -0.0168858934, -0.164383531
    818, -0.0145477187,  -0.13207379
    819, -0.0502228998, -0.259992898
    820, -0.0443570092, -0.227232546
    821, -0.0388146564, -0.194933891
    822, -0.0336613469, -0.162943453
    823, -0.0288777184, -0.131350935
    824, -0.0747750178, -0.254481554
    825, -0.0660855994, -0.222706467
    826, -0.0578932948, -0.191501334
    827, -0.0502137318, -0.160699114
    828, -0.0430206358, -0.130266517
    829, -0.098669827, -0.246901244
    830, -0.0873082876, -0.216551334
    831, -0.0765784904, -0.186886191
    832, -0.0664968267, -0.157674938
    833, -0.0569528826, -0.128921852
    834, -0.121710971, -0.237349749
    835, -0.107868835, -0.208891124
    836, -0.0947769433, -0.181118309
    837, -0.0825726092, -0.153798282
    838, -0.0715586245, -0.126782641
    839,  -0.14369303,  -0.22589305
    840, -0.127489522, -0.199670792
    841, -0.112109184, -0.174107224
    842, -0.0978263989,  -0.14905858
    843, -0.0850835443, -0.124406815
    844, -0.164207578, -0.212482855
    845, -0.145718306, -0.188734069
    846, -0.128129363, -0.165667742
    847, -0.111753881,   -0.1433018
    848, -0.0969331637, -0.121786021
    849, -0.183064774, -0.197263688
    850, -0.162345588, -0.176073611
    851, -0.142661542, -0.155706018
    852,  -0.12432313, -0.136233911
    853, -0.107765734, -0.117728896
    854, -0.0117349131, -0.0888889506
    855, -0.0113839367, -0.0777778625
    856, -0.0112274578, -0.0666667446
    857, -0.0111595821, -0.055555623
    858, -0.0111308405, -0.0444445089
    859, -0.0111189838, -0.0333333984
    860, -0.0111142974, -0.0222222749
    861, -0.0111126006, -0.0111111412
    862, -0.0231938772, -0.0888889134
    863, -0.0226797275, -0.0777778104
    864, -0.0224350393, -0.0666666999
    865, -0.0223181322, -0.0555555895
    866, -0.0222639199, -0.044444479
    867, -0.0222398005, -0.0333333686
    868, -0.0222296547, -0.0222222507
    869, -0.0222257115, -0.0111111272
    870, -0.0342807472, -0.088888891
    871, -0.0339045525, -0.077777788
    872, -0.0336367711, -0.066666685
    873, -0.0334816054, -0.0555555709
    874, -0.0334014818, -0.0444444604
    875, -0.0333632976,  -0.03333335
    876, -0.0333464071, -0.0222222358
    877, -0.0333394893, -0.0111111188
    878, -0.0459016785, -0.0888896659
    879, -0.0453525335, -0.0777843446
    880, -0.0449273065, -0.0666776896
    881, -0.0446801335, -0.0555689484
    882, -0.0445530266, -0.0444585681
    883, -0.0444924682, -0.0333471559
    884, -0.0444654748, -0.0222324636
    885, -0.0444541276, -0.0111182611
    886, -0.0588228926, -0.0889598504
    887, -0.0571300574, -0.0778572634
    888, -0.056322705, -0.0667755753
    889, -0.0559149124, -0.0556787513
    890, -0.055717919, -0.0445685871
    891, -0.0556266755, -0.0334358774
    892, -0.0555864498, -0.0223022252
    893, -0.0555693358, -0.0111631285
    894, -0.0708304942, -0.0891933367
    895, -0.0686760396, -0.0781581402
    896, -0.0676402897, -0.0671572834
    897, -0.0671210662, -0.0560873896
    898, -0.066870451, -0.0449186936
    899, -0.0667557344, -0.0337384306
    900, -0.066705361, -0.0225414764
    901, -0.0666836649, -0.0113022812
    902, -0.0818070322, -0.0896553695
    903, -0.0797317997, -0.0789193213
    904, -0.0787266344, -0.0680683702
    905, -0.0782212541, -0.0569665432
    906, -0.0779786333, -0.045728378
    907, -0.0778666511, -0.034429498
    908, -0.0778168365, -0.023057729
    909, -0.077794984, -0.0115811005
    910, -0.0914171264, -0.0905138254
    911, -0.0901603848, -0.0803526789
    912, -0.0895155519, -0.0696566477
    913, -0.0891894475, -0.0585453101
    914, -0.0890291557, -0.0470898598
    915, -0.0889485329, -0.0355095044
    916, -0.088915579, -0.0238523223
    917, -0.0889007598, -0.0120077617
    918,  0.088888891, 0.0150607796
    919, 0.0888904333, 0.0300336797
    920, 0.0889289454, 0.0449857302
    921,  0.089150548, 0.0598024502
    922, 0.0899620354, 0.0742814913
    923, 0.0913738012, 0.0880561918
    924, 0.0777777806, 0.0146729751
    925,  0.077784352, 0.0293470696
    926,  0.077870816,  0.044006072
    927, 0.0782821402, 0.0585703477
    928, 0.0794288293, 0.0728858337
    929, 0.0817856044, 0.0867869407
    930, 0.0666666701, 0.0144680301
    931, 0.0666788518, 0.0289529338
    932, 0.0668003708, 0.0434342474
    933, 0.0673140883, 0.0578623265
    934, 0.0686439127, 0.0721504167
    935, 0.0711519495, 0.0862203687
    936,  0.055555556, 0.0143671641
    937, 0.0555713736, 0.0287483428
    938, 0.0557075813, 0.0431308672
    939,  0.056239523, 0.0574873909
    940, 0.0575393625, 0.0717728809
    941, 0.0598437488,  0.085953325
    942, 0.0444444455, 0.0143204927
    943, 0.0444613546, 0.0286496188
    944, 0.0445945673, 0.0429809988
    945, 0.0450863317, 0.0573009476
    946,  0.046264261, 0.0715874508
    947, 0.0482200198, 0.0858243406
    948, 0.0333333351, 0.0142999962
    949, 0.0333493128, 0.0286046192
    950, 0.0334674269,  0.042911008
    951,    0.0338955, 0.0572127961
    952, 0.0345452391, 0.0714781657
    953,  0.036354214, 0.0857565999
    954, 0.0222222228, 0.0142913796
    955, 0.0222359635, 0.0285850186
    956, 0.0223316811, 0.0428797454
    957,  0.022624176, 0.0571724698
    958, 0.0232280195, 0.0714536458
    959,  0.024192635, 0.0857281983
    960, 0.0111111114, 0.0142877996
    961, 0.0111218505, 0.0285765566
    962, 0.0111811142, 0.0428658426
    963, 0.0113388281, 0.0571543165
    964, 0.0116768023, 0.0714391842
    965, 0.0121720545, 0.0857205391
    966,  0.182795092,  0.196346968
    967,  0.164193526,  0.212018043
    968,  0.143670768,  0.225494668
    969,  0.121775359,  0.237070739
    970, 0.0987591594,  0.246684492
    971, 0.0748507828,  0.254247695
    972, 0.0502759814,  0.259705424
    973, 0.0252511911,  0.263116926
    974,  0.161688864,  0.175036073
    975,  0.145167142,  0.187746748
    976,  0.127219677,  0.199161753
    977,  0.107744038,  0.208452836
    978, 0.0873002335,  0.216105253
    979, 0.0661140978,  0.222093225
    980, 0.0443773717,  0.226459891
    981, 0.0222690888,  0.229386345
    982,  0.141876534,   0.15469873
    983,   0.12756446,  0.164766312
    984,  0.111795485,  0.173635423
    985, 0.0946374834,  0.180686653
    986, 0.0766643882,  0.186423779
    987, 0.0580564328,  0.190913886
    988, 0.0388895571,  0.194442496
    989, 0.0194809474,  0.196778372
    990,  0.123660915,  0.135531604
    991,   0.11141865,  0.142984331
    992, 0.0976325423,  0.148751691
    993, 0.0825763419,  0.153540373
    994, 0.0669810027,  0.157336622
    995, 0.0507792756,  0.160315633
    996, 0.0340863094,   0.16257903
    997, 0.0171102639,  0.164163858
    998,  0.107335478,  0.117418252
    999, 0.0968308002,  0.121666349
   1000, 0.0851033479,  0.124343164
   1001, 0.0717227831,  0.126846895
   1002, 0.0583573878,  0.128560528
   1003, 0.0443561003,  0.130011037
   1004, 0.0297475047,  0.131167978
   1005, 0.0149191367,  0.131977722
   1006, -0.0447574146,  0.461112261
   1007, -0.0890191942,  0.454360783
   1008, -0.132577717,  0.444022954
   1009, -0.174719021,  0.428951353
   1010, -0.215209499,  0.409915179
   1011,  -0.25371632,  0.387179911
   1012,  -0.28965953,  0.360660881
   1013, -0.323132247,  0.331073225
   1014, -0.0412747934,  0.426489532
   1015, -0.0822735429,  0.421174973
   1016, -0.122242905,  0.410736382
   1017, -0.161168069,  0.397005022
   1018,  -0.19869107,  0.379820645
   1019, -0.233987153,  0.358538479
   1020, -0.267261416,  0.334265053
   1021, -0.298605114,  0.307512134
   1022, -0.0379823856,  0.393981397
   1023, -0.0755470544,  0.388209105
   1024, -0.112565964,  0.379642516
   1025, -0.148587376,  0.367489636
   1026, -0.182580322,  0.350529969
   1027, -0.214807153,  0.330657363
   1028, -0.245871753,  0.309149444
   1029, -0.274422288,  0.284282058
   1030, -0.0347017758,  0.361291111
   1031, -0.0689864382,  0.355827749
   1032, -0.102732107,  0.347747058
   1033, -0.135451004,  0.336154222
   1034, -0.166641623,   0.32116282
   1035, -0.196114302,   0.30323711
   1036, -0.224275514,   0.28350386
   1037, -0.250339687,  0.261065751
   1038, -0.0315317512,  0.328935176
   1039, -0.0627073124,  0.324094743
   1040, -0.0933269709,  0.316609502
   1041, -0.123030789,  0.306197315
   1042, -0.151449889,  0.292883486
   1043, -0.178669855,  0.277517706
   1044, -0.204069108,  0.259416193
   1045, -0.227493986,  0.238959864
   1046, -0.633625209,   0.42275998
   1047, -0.670335412,  0.357801408
   1048, -0.701694846,  0.290178001
   1049, -0.726244569,  0.219910711
   1050,  -0.74412173,  0.147697672
   1051, -0.756223321,  0.074287273
   1052, -0.601915002,  0.402431995
   1053, -0.638539255,  0.341377467
   1054, -0.667390943,  0.276409298
   1055, -0.689349413,  0.209070489
   1056,  -0.70694077,  0.140471369
   1057, -0.718745351, 0.0706474036
   1058, -0.573749781,  0.384367824
   1059, -0.607952356,  0.325595707
   1060, -0.636253059,   0.26391837
   1061, -0.656821251,  0.199490592
   1062, -0.673736036,  0.134063855
   1063, -0.684840143, 0.0673943907
   1064, -0.546632528,  0.367035002
   1065, -0.577565253,  0.310060054
   1066, -0.603912473,  0.251060039
   1067, -0.623166203,  0.189665824
   1068, -0.639760256,  0.127509072
   1069, -0.651245713, 0.0641883537
   1070, -0.518046558,  0.348781079
   1071, -0.547989011,  0.294917196
   1072, -0.573055208,  0.238809377
   1073, -0.592170894,  0.180603638
   1074, -0.607888222,  0.121430181
   1075,  -0.61819768, 0.0610462651
   1076, -0.489667892,  0.330742478
   1077, -0.517206728,  0.279265523
   1078, -0.540763259,  0.226026058
   1079, -0.559853315,  0.171142265
   1080, -0.575816333,  0.115284592
   1081, -0.585695982, 0.0579558723
   1082, -0.463242918,   0.31372571
   1083, -0.490288377,  0.265338242
   1084, -0.512937844,  0.214887053
   1085, -0.530544281,  0.162616789
   1086, -0.544702232,  0.109331787
   1087, -0.553966165, 0.0549523793
   1088, -0.436598688,  0.296722233
   1089, -0.463134944,  0.251394898
   1090, -0.485055774,  0.203796446
   1091, -0.502277493,  0.154387295
   1092, -0.515253544,  0.103708595
   1093, -0.523745477, 0.0520925336
   1094, -0.824881077, -0.0638476238
   1095,  -0.85510385, -0.0661292374
   1096, -0.888309121, -0.0686393753
   1097, -0.921101749, -0.0710793585
   1098, -0.958643675, -0.0739179701
   1099, -0.817167819, -0.127274215
   1100, -0.846845984, -0.131806403
   1101, -0.879641056, -0.136804521
   1102, -0.912386179, -0.141760096
   1103, -0.948393226, -0.147215292
   1104, -0.804776371, -0.189933836
   1105, -0.833892584, -0.196671426
   1106, -0.866195738,  -0.20412226
   1107, -0.898320317, -0.211516246
   1108, -0.933670342, -0.219673574
   1109, -0.787662983, -0.251456499
   1110, -0.816129327, -0.260351837
   1111, -0.847774982, -0.270210862
   1112, -0.879174471, -0.280004144
   1113, -0.913790822, -0.290832818
   1114, -0.765879631, -0.311473399
   1115, -0.793564737, -0.322465956
   1116, -0.823485434, -0.334319055
   1117, -0.854679227, -0.346713543
   1118, -0.888543844,  -0.36021632
   1119, -0.739517748, -0.369610101
   1120, -0.766275048, -0.382628024
   1121, -0.794924796, -0.396559179
   1122, -0.825167954, -0.411293626
   1123, -0.858030915, -0.427381217
   1124, -0.708771884, -0.425551534
   1125, -0.734414995,  -0.44049108
   1126, -0.761719227, -0.456385195
   1127, -0.790338457, -0.473085165
   1128, -0.822461545, -0.491930515
   1129, -0.674081326, -0.479172021
   1130, -0.699113011, -0.496364772
   1131, -0.724515617, -0.513823271
   1132,   -0.7520051, -0.532731235
   1133, -0.782393992, -0.553728759
   1134, -0.684118867,   0.67775321
   1135,   -0.6596241,  0.654145777
   1136, -0.635592997,  0.631061375
   1137, -0.611691415,  0.608115733
   1138, -0.588160753,  0.585535228
   1139, -0.613946259,  0.741949379
   1140, -0.591958702,  0.715977192
   1141, -0.570369601,  0.690584183
   1142, -0.548890412,  0.665342152
   1143, -0.527740002,  0.640492737
   1144, -0.537804961,  0.798890173
   1145, -0.518541574,  0.770845413
   1146,  -0.49961555,  0.743410885
   1147, -0.480782002,  0.716134429
   1148, -0.462233692,  0.689275563
   1149, -0.456418306,  0.848028064
   1150, -0.440062463,  0.818196774
   1151, -0.423989564,  0.789000094
   1152,  -0.40799439,  0.759968102
   1153, -0.392241627,  0.731378138
   1154, -0.370583355,  0.888897479
   1155, -0.357295722,  0.857579648
   1156, -0.344237775,  0.826916575
   1157, -0.331243217,  0.796423852
   1158, -0.318446904,  0.766394317
   1159, -0.281137288,   0.92110008
   1160, -0.271050274,  0.888608813
   1161, -0.261139095,  0.856789351
   1162, -0.251276791,  0.825145245
   1163, -0.241566867,  0.793982327
   1164, -0.188952267,  0.944288015
   1165,   -0.1821668,  0.910936058
   1166, -0.175502479,   0.87828064
   1167, -0.168872327,  0.845809579
   1168, -0.162347302,  0.813843727
   1169, -0.0949295089,  0.958159626
   1170, -0.0915149823,  0.924254656
   1171, -0.088165164,  0.891095519
   1172, -0.0848340914,  0.858145654
   1173, -0.0815593079,  0.825754583
   1174, -0.428478241, -0.310476035
   1175, -0.451335281, -0.275804907
   1176, -0.471501887, -0.239547759
   1177, -0.488791734, -0.201860398
   1178, -0.503063321, -0.162953436
   1179, -0.514160156, -0.123061173
   1180, -0.521924436, -0.082433641
   1181,  -0.52646184, -0.0413282961
   1182,   -0.4543221, -0.328152925
   1183, -0.478173435, -0.291328937
   1184, -0.499340951,  -0.25295648
   1185, -0.517518759, -0.213120699
   1186, -0.532517791, -0.172018945
   1187, -0.543912947, -0.129842848
   1188, -0.551831603, -0.0869391859
   1189, -0.556579471, -0.0435688049
   1190, -0.481317818, -0.346656203
   1191,   -0.5067963, -0.307927191
   1192, -0.529195547, -0.267397672
   1193,  -0.54838264,  -0.22528407
   1194, -0.563209474, -0.181523412
   1195, -0.575022399,  -0.13695772
   1196, -0.583034992, -0.0916518494
   1197,  -0.58857137, -0.0459760763
   1198, -0.508330524,  -0.36518237
   1199, -0.535120845, -0.324362099
   1200, -0.558651805, -0.281641036
   1201, -0.578807652, -0.237262756
   1202, -0.595367491,  -0.19145523
   1203,   -0.6066854,  -0.14422372
   1204, -0.614862084, -0.0964632481
   1205, -0.620825052, -0.0483932793
   1206, -0.535521448, -0.383845121
   1207, -0.563542008, -0.340863556
   1208, -0.588194489, -0.295934647
   1209, -0.609321535, -0.249284118
   1210, -0.625811934, -0.200892568
   1211, -0.638265967, -0.151448295
   1212, -0.647079766, -0.101316035
   1213,  -0.65361011, -0.0508376062
   1214, -0.562808096, -0.402580082
   1215, -0.592089117, -0.357451886
   1216, -0.617878616, -0.310313344
   1217, -0.639990151, -0.261384606
   1218, -0.656965852, -0.210562289
   1219, -0.670365691, -0.158796698
   1220,  -0.68096894, -0.106422246
   1221, -0.687529147, -0.0533892401
   1222,  -0.59010148, -0.421378106
   1223, -0.620786309, -0.374165803
   1224, -0.647741556, -0.324817508
   1225, -0.670517087, -0.273480654
   1226, -0.689144015, -0.220566094
   1227, -0.703602195, -0.166444838
   1228, -0.714231253, -0.111473948
   1229, -0.721032143, -0.0558910891
   1230, -0.619322717, -0.441472471
   1231, -0.651434302, -0.392073244
   1232, -0.679709911, -0.340422809
   1233, -0.703865051, -0.286756009
   1234, -0.723731518, -0.231396511
   1235, -0.739210248,  -0.17469497
   1236, -0.750457287, -0.117009573
   1237,  -0.75771004, -0.0586691648
   1238, -0.0312542953, -0.328677744
   1239, -0.0622288212, -0.324261248
   1240, -0.0926038623, -0.316891491
   1241, -0.122107625, -0.306702673
   1242, -0.150340199, -0.293537855
   1243, -0.177264243, -0.278080761
   1244, -0.202576533, -0.260281235
   1245, -0.226182699, -0.240456939
   1246, -0.0343647636, -0.361015826
   1247, -0.0684620142, -0.356351882
   1248, -0.101907827, -0.348242939
   1249, -0.134083956, -0.336023629
   1250, -0.165328458, -0.321918368
   1251,  -0.19506526, -0.304882318
   1252, -0.223115742, -0.285293221
   1253,  -0.24903506, -0.263091773
   1254, -0.0376144648, -0.394052863
   1255, -0.0749072284, -0.388665766
   1256, -0.111218147, -0.378827095
   1257, -0.146991879, -0.367230564
   1258, -0.180891052, -0.350963861
   1259, -0.213420153, -0.332188785
   1260, -0.243379444, -0.309719175
   1261, -0.271978348, -0.285657734
   1262, -0.0409254283, -0.427372187
   1263, -0.0812567472,  -0.42042762
   1264, -0.121065639, -0.411169112
   1265, -0.159764647, -0.397940129
   1266, -0.196856663, -0.380571991
   1267, -0.231588274, -0.359111995
   1268, -0.264911026, -0.335623741
   1269, -0.295887053, -0.309160173
   1270, -0.044248037, -0.460752368
   1271, -0.0881287009, -0.454503357
   1272, -0.131009787, -0.443548352
   1273,  -0.17278412, -0.428914905
   1274, -0.212910295, -0.410269022
   1275,  -0.25092563, -0.387722999
   1276, -0.286849052, -0.362006634
   1277, -0.320348114, -0.333229989
   1278,   0.17966719, -0.200807154
   1279,  0.159497976, -0.178621128
   1280,  0.140491664, -0.157495409
   1281,  0.122796565, -0.137382984
   1282,  0.107002586, -0.118277833
   1283,  0.160710081, -0.215189084
   1284,  0.142666399, -0.190465897
   1285,  0.125765145, -0.166877121
   1286,  0.110058114, -0.144345254
   1287, 0.0957820266, -0.122268341
   1288,  0.140356511, -0.227863446
   1289,  0.124692351, -0.201176316
   1290,  0.109842926, -0.175197095
   1291, 0.0960614681, -0.149825633
   1292, 0.0834620968, -0.125079006
   1293,  0.118807822, -0.238827825
   1294,  0.105430208, -0.209951743
   1295, 0.0928569809, -0.181837648
   1296,  0.081266135, -0.154281572
   1297, 0.0708473474, -0.127116114
   1298,  0.096260637, -0.247886926
   1299, 0.0853336006, -0.217154205
   1300, 0.0751129761, -0.187247545
   1301, 0.0656544417, -0.157940328
   1302, 0.0568879731, -0.129103854
   1303, 0.0729063898, -0.254991055
   1304, 0.0645798668, -0.222766459
   1305, 0.0568164922, -0.191470295
   1306,  0.049655959, -0.160808384
   1307,  0.043182902,  -0.13035655
   1308, 0.0489493795, -0.260110259
   1309, 0.0433229133, -0.226841986
   1310, 0.0380673707, -0.194615439
   1311, 0.0331458598, -0.163211122
   1312, 0.0289974548, -0.131434411
   1313, 0.0245797075, -0.263310611
   1314, 0.0217409693, -0.229506269
   1315, 0.0190880336, -0.196657777
   1316, 0.0165971462, -0.164556384
   1317,  0.014615193, -0.132117629
   1318,  0.088888891, -0.0117097981
   1319, 0.0777777806, -0.0113655813
   1320, 0.0666666701, -0.0112167224
   1321,  0.055555556,   -0.0111542
   1322, 0.0444444455, -0.0111284275
   1323, 0.0333333351, -0.0111179668
   1324, 0.0222222228, -0.0111137815
   1325, 0.0111111114, -0.0111120874
   1326,  0.088888891, -0.0232670493
   1327, 0.0777777806, -0.0226542205
   1328, 0.0666666701, -0.0224028192
   1329,  0.055555556, -0.0222975686
   1330, 0.0444444455, -0.0222533904
   1331, 0.0333333351, -0.0222349651
   1332, 0.0222222228, -0.0222273506
   1333, 0.0111111114, -0.0222241469
   1334,  0.088888891, -0.0349616483
   1335, 0.0777777806, -0.034040276
   1336, 0.0666666701, -0.0336291865
   1337,  0.055555556, -0.0334547758
   1338, 0.0444444455, -0.0333826207
   1339, 0.0333333351, -0.033353176
   1340, 0.0222222228, -0.0333412476
   1341, 0.0111111114, -0.0333363079
   1342, 0.0889229029, -0.0469909906
   1343, 0.0777833313, -0.0454979688
   1344, 0.0666779801, -0.0449038818
   1345, 0.0555702969, -0.0446366891
   1346,  0.044460576, -0.0445226617
   1347, 0.0333494991, -0.0444756672
   1348, 0.0222343281, -0.0444567241
   1349, 0.0111195669, -0.044449009
   1350, 0.0890193731, -0.0585855246
   1351, 0.0778713375, -0.0569168851
   1352, 0.0667974204, -0.0561808236
   1353, 0.0557026118, -0.0558275804
   1354, 0.0445933603, -0.055669263
   1355, 0.0334564745, -0.0556016378
   1356,  0.022317959, -0.0555737838
   1357, 0.0111731859, -0.0555623248
   1358, 0.0892852694, -0.0698979944
   1359, 0.0782813579, -0.0682106912
   1360, 0.0672912523, -0.0673984438
   1361, 0.0562181585, -0.0669953525
   1362, 0.0450280719, -0.0668071285
   1363, 0.0337949917, -0.0667243823
   1364, 0.0225787871, -0.0666897744
   1365,  0.011324985, -0.0666752905
   1366, 0.0898403674, -0.0806837007
   1367, 0.0793610439, -0.0792312548
   1368, 0.0684985444, -0.0784729496
   1369, 0.0573424771, -0.0780945346
   1370, 0.0458971299, -0.0779095665
   1371, 0.0344440527, -0.0778306648
   1372, 0.0230893791,  -0.07779935
   1373, 0.0116161443, -0.0777860284
   1374, 0.0913456157, -0.090758279
   1375, 0.0814567134, -0.0898284093
   1376, 0.0705556646, -0.0893472657
   1377, 0.0592791401, -0.0891039446
   1378, 0.0476267859, -0.0889845863
   1379, 0.0358255692, -0.0889297947
   1380, 0.0239857659, -0.0889039189
   1381, 0.0121170208, -0.0888947397
   1382,  0.262782753, 0.0280986484
   1383,  0.258532405, 0.0558943227
   1384,  0.251781315, 0.0830746964
   1385,  0.242496401,  0.109300442
   1386,  0.230640456,  0.134207636
   1387,  0.216320217,  0.157565236
   1388,    0.2291421,  0.025173001
   1389,  0.225593418, 0.0500972047
   1390,  0.220009685, 0.0745085999
   1391,   0.21238938,  0.098091118
   1392,   0.20253095,   0.12044479
   1393,  0.190360069,  0.141296715
   1394,  0.196768105, 0.0224533658
   1395,   0.19365792, 0.0446856022
   1396,  0.189300984, 0.0665290505
   1397,  0.183373615, 0.0876644701
   1398,  0.175554842,  0.107642695
   1399,  0.165724903,  0.126155838
   1400,  0.164135337, 0.0199143142
   1401,  0.162191093,  0.039643012
   1402,  0.159266293, 0.0591249913
   1403,  0.155089706, 0.0780730173
   1404,   0.14952834, 0.0959405527
   1405,   0.14243865,  0.112348057
   1406,  0.132011369,  0.017630972
   1407,  0.131259307,  0.034953218
   1408,  0.129545853, 0.0524861701
   1409,  0.127323464, 0.0694657564
   1410,  0.124375477, 0.0855321959
   1411,  0.120488368,  0.100270718
   1412,  0.321030378,  0.332035005
   1413,  0.287682116,  0.361326605
   1414,  0.251784742,  0.387463927
   1415,  0.213493049,  0.409931064
   1416,  0.173200548,  0.428582609
   1417,  0.131275713,   0.44317162
   1418, 0.0881512612,  0.453642875
   1419, 0.0442537367,  0.460190296
   1420,  0.296158552,   0.30784753
   1421,  0.265177459,  0.334572077
   1422,  0.232323036,  0.358995885
   1423,  0.197025955,  0.379757792
   1424,  0.159845784,  0.396958768
   1425,  0.121116214,  0.410303116
   1426, 0.0812951177,  0.419767916
   1427, 0.0407883227,  0.425645232
   1428,  0.272190064,  0.284519196
   1429,  0.243410453,   0.30859831
   1430,  0.213310942,  0.331074148
   1431,  0.181185469,  0.350627244
   1432,  0.146755904,  0.365831584
   1433,  0.111377925,  0.378667861
   1434, 0.0748533607,  0.387813568
   1435, 0.0375688784,   0.39328447
   1436,  0.248664752,  0.261544704
   1437,  0.222407192,  0.283400059
   1438,  0.194851696,  0.303768665
   1439,  0.165252954,  0.321065426
   1440,  0.133993149,  0.335092127
   1441,   0.10157527,  0.346258819
   1442, 0.0682895705,  0.354816288
   1443,  0.034323059,  0.360524118
   1444,  0.226063251,  0.239344642
   1445,  0.202622205,  0.259554327
   1446,  0.177283078,  0.277396381
   1447,  0.150370777,  0.292952836
   1448,  0.122008376,  0.305771828
   1449, 0.0925107747,  0.315890312
   1450, 0.0621736497,  0.323435903
   1451, 0.0312413089,  0.328338921
   1452, -0.0749297217,  0.759818912
   1453, -0.149112463,  0.748759747
   1454, -0.221850142,  0.730508804
   1455, -0.292445838,  0.705215633
   1456, -0.359135091,  0.671203673
   1457, -0.422559738,  0.631736279
   1458, -0.482607961,  0.587415278
   1459, -0.538121641,  0.537462473
   1460, -0.0714017823,  0.724735856
   1461, -0.142056435,  0.713857174
   1462, -0.211319625,  0.696388662
   1463, -0.277923048,  0.670897186
   1464, -0.342364699,  0.640509307
   1465, -0.401941925,  0.601847172
   1466, -0.458667189,  0.559207618
   1467, -0.511884212,  0.512228429
   1468, -0.0679456219,  0.690357089
   1469, -0.135179117,  0.679985285
   1470,  -0.20107615,  0.663341224
   1471, -0.264970243,  0.640292406
   1472, -0.326273382,    0.6111449
   1473, -0.382785708,  0.574056625
   1474, -0.436494797,   0.53309834
   1475,  -0.48722598,  0.488474637
   1476, -0.0645663142,  0.656996071
   1477, -0.128561765,  0.647618055
   1478, -0.191259608,  0.631921768
   1479, -0.251115501,  0.608053446
   1480, -0.309469968,  0.580846667
   1481, -0.364554554,  0.547603488
   1482, -0.415403306,  0.508289695
   1483, -0.463902146,  0.466054112
   1484, -0.0615151376,  0.626843512
   1485, -0.122245409,  0.617037416
   1486, -0.181554839,  0.601120412
   1487, -0.237860158,  0.577247381
   1488, -0.292131394,  0.549527526
   1489, -0.344251841,  0.518126607
   1490, -0.394121438,  0.483307004
   1491, -0.439835459,  0.442959458
   1492, -0.0579213351,  0.591316104
   1493, -0.115094528,  0.581905007
   1494, -0.171500325,  0.568740964
   1495, -0.225400776,  0.547771633
   1496, -0.276943594,  0.521889508
   1497, -0.325947464,  0.491663814
   1498, -0.372855186,  0.458272606
   1499, -0.416884243,   0.42099002
   1500, -0.0546098948,  0.558383465
   1501, -0.108585328,  0.549946964
   1502, -0.161332756,  0.536070526
   1503, -0.212429374,  0.517254293
   1504,  -0.26114732,  0.493202031
   1505, -0.308163911,  0.465977073
   1506, -0.352297097,  0.434216768
   1507, -0.393193811,  0.398295999
   1508, -0.051340919,  0.526140749
   1509, -0.102106676,  0.518344045
   1510, -0.152051613,  0.506397843
   1511, -0.200103104,  0.488466293
   1512, -0.246630117,  0.466952533
   1513, -0.290484935,  0.440450728
   1514,  -0.33172363,  0.410044014
   1515, -0.370280564,  0.376266241
   1516,  -0.58100009, -0.589284539
   1517, -0.602323234, -0.610191345
   1518, -0.623901069, -0.631345034
   1519, -0.646917045, -0.653860211
   1520, -0.673859537,  -0.68051964
   1521, -0.520826995,  -0.64278841
   1522, -0.539676189, -0.665393472
   1523, -0.558894157, -0.688475668
   1524, -0.579612315, -0.713333964
   1525, -0.603126884, -0.741674125
   1526, -0.455785841, -0.690179706
   1527,  -0.47200492, -0.714153171
   1528, -0.488877773, -0.739150465
   1529, -0.506235838, -0.764653683
   1530, -0.527508378, -0.796427727
   1531, -0.386489362, -0.731028378
   1532, -0.400109261, -0.756321669
   1533, -0.414031416, -0.782093644
   1534, -0.428761601, -0.809294283
   1535, -0.447036773, -0.843463421
   1536, -0.313425303, -0.764627576
   1537,  -0.32442224, -0.791052043
   1538, -0.335588247, -0.817814171
   1539, -0.347586304, -0.846530676
   1540, -0.362526208, -0.882568121
   1541, -0.237527162, -0.791070044
   1542, -0.245674476, -0.817908347
   1543, -0.254184484, -0.845941007
   1544, -0.263356507, -0.876045287
   1545, -0.274751604, -0.913500905
   1546, -0.159409374,  -0.80966258
   1547,  -0.16488041, -0.837519884
   1548,  -0.17063418, -0.866701484
   1549, -0.176832691, -0.897890508
   1550, -0.184513733, -0.936046243
   1551, -0.0799986497, -0.821462393
   1552, -0.0826789215, -0.849948704
   1553, -0.0856797621, -0.880708218
   1554, -0.0887907669, -0.912571073
   1555, -0.0926506296, -0.950452805
   1556, 0.0943176895,  0.958406985
   1557, 0.0909473598,  0.924558103
   1558, 0.0876270011,  0.891403735
   1559, 0.0843189359,  0.858438849
   1560, 0.0810535327,  0.825988472
   1561,  0.187709406,  0.944604039
   1562,  0.180997685,  0.911252856
   1563,  0.174389422,  0.878586769
   1564,   0.16780749,  0.846103609
   1565,  0.161314249,  0.814118564
   1566,  0.279293567,  0.921710372
   1567,  0.269305229,  0.889197648
   1568,  0.259474427,  0.857352793
   1569,  0.249684498,  0.825683951
   1570,  0.240029737,  0.794495404
   1571,  0.368194252,  0.889942288
   1572,  0.355026901,  0.858584285
   1573,  0.342071146,   0.82787782
   1574,  0.329170763,    0.7973423
   1575,  0.316451013,  0.767270088
   1576,  0.453558266,  0.849617541
   1577,  0.437340587,   0.81972301
   1578,  0.421388477,  0.790460527
   1579,  0.405506194,  0.761363506
   1580,  0.389848441,  0.732709944
   1581,  0.534563661,  0.801122844
   1582,  0.515452147,  0.772987962
   1583,  0.496661723,  0.745460987
   1584,  0.476202369,    0.7156443
   1585,  0.458585262,  0.689835489
   1586,  0.610399127,  0.744891822
   1587,  0.588564038,  0.718790531
   1588,  0.566510379,  0.692551315
   1589,  0.543320179,  0.664950967
   1590,  0.523672342,  0.641702712
   1591,  0.680211425,  0.681357503
   1592,  0.655817389,  0.657538056
   1593,  0.631806374,  0.634167433
   1594,  0.606895626,  0.609905422
   1595,   0.58380419,  0.587503016
   1596, -0.0509553403, -0.528043032
   1597, -0.101423062, -0.520605147
   1598, -0.150923312,  -0.50837791
   1599,  -0.19905743, -0.491592258
   1600, -0.244793713, -0.469232649
   1601, -0.288746715, -0.443650007
   1602, -0.329926074, -0.413832217
   1603, -0.368047863,  -0.38021037
   1604, -0.054185655, -0.560229003
   1605, -0.107825778, -0.552126884
   1606, -0.159912378, -0.537504196
   1607, -0.211335674, -0.520725727
   1608, -0.259534359, -0.496406615
   1609, -0.305655181, -0.468518585
   1610, -0.349424183, -0.437155694
   1611, -0.389981359, -0.401702344
   1612, -0.0574683845, -0.592945516
   1613, -0.114073075, -0.583110332
   1614, -0.169564724, -0.568786383
   1615, -0.223288164, -0.549120307
   1616,  -0.27419427, -0.523411036
   1617, -0.323469609, -0.494745761
   1618, -0.369848967, -0.461615354
   1619, -0.412882596, -0.424157113
   1620, -0.0605108254, -0.623799801
   1621, -0.120563731, -0.615296066
   1622, -0.179047167, -0.599596977
   1623, -0.236463308, -0.580471933
   1624, -0.290484905, -0.553371429
   1625, -0.340964764, -0.520573616
   1626, -0.389901996, -0.485569388
   1627, -0.435638547, -0.446406782
   1628, -0.0638447404, -0.656871736
   1629,  -0.12685512, -0.646365047
   1630, -0.189229533, -0.632626057
   1631, -0.248983204, -0.610227704
   1632, -0.306191683, -0.582295477
   1633, -0.360002548, -0.548607886
   1634,  -0.41163069,   -0.5116871
   1635, -0.459505588, -0.469880521
   1636, -0.0670982748,  -0.68919152
   1637, -0.133782461, -0.680666208
   1638, -0.198435083, -0.662601233
   1639, -0.262531757, -0.642490208
   1640, -0.321669221, -0.611066163
   1641, -0.378242671, -0.575577796
   1642,   -0.4323892, -0.536546767
   1643, -0.483046561, -0.492965758
   1644, -0.0704329088, -0.722920299
   1645,  -0.14013283, -0.712532401
   1646, -0.208133802, -0.694423795
   1647, -0.274426281, -0.670937419
   1648, -0.338814616, -0.642588854
   1649, -0.397753268, -0.604407132
   1650, -0.454146773, -0.562631428
   1651, -0.507418215, -0.516890883
   1652, -0.0740329847, -0.759543717
   1653, -0.147346899, -0.748744905
   1654, -0.219267368, -0.730935574
   1655, -0.288224936, -0.704246759
   1656, -0.354729682, -0.672205925
   1657, -0.417564034, -0.633681357
   1658, -0.477210402, -0.590351701
   1659, -0.532413542, -0.541435361
   1660,  0.312311709, -0.342205763
   1661,  0.288552821, -0.317124426
   1662,  0.265342832, -0.292572081
   1663,  0.242705375, -0.268545687
   1664,  0.221130013, -0.245617807
   1665,  0.279281199, -0.369525284
   1666,  0.257737696, -0.341928869
   1667,  0.237444192, -0.315964609
   1668,  0.216991052, -0.289547324
   1669,  0.197790906, -0.264609307
   1670,  0.243873015,  -0.39357698
   1671,  0.225151911, -0.364289731
   1672,  0.207112491,  -0.33597821
   1673,  0.189437717, -0.308003545
   1674,  0.172851101,  -0.28153035
   1675,  0.206447974, -0.414337933
   1676,  0.190357253, -0.382902622
   1677,  0.175197855, -0.353285372
   1678,  0.160308272, -0.323844254
   1679,  0.146376759, -0.296048105
   1680,  0.167256266, -0.431492925
   1681,   0.15431346, -0.398980945
   1682,  0.141859725, -0.367554486
   1683,  0.129842103, -0.336890757
   1684,  0.118633196, -0.308034539
   1685,  0.126649901, -0.444884926
   1686,  0.116805598, -0.411121905
   1687,  0.107608818, -0.379563808
   1688, 0.0985108539,  -0.34792316
   1689, 0.0898324177, -0.317229062
   1690, 0.0850046873, -0.454512537
   1691, 0.0784124732, -0.420110643
   1692, 0.0724071264, -0.388623714
   1693, 0.0662349835, -0.355986923
   1694,  0.060347788, -0.324223369
   1695, 0.0427217372, -0.460834801
   1696, 0.0394188277, -0.426120877
   1697, 0.0363843329, -0.393894047
   1698, 0.0333056413, -0.361113906
   1699,  0.030321911, -0.328665644
   1700,  0.263825655, -0.0226564538
   1701,  0.230086297, -0.020241186
   1702,  0.197148815, -0.0179867968
   1703,  0.164574891, -0.0159417279
   1704,   0.13221392, -0.0141230766
   1705,  0.261212796, -0.0451463647
   1706,  0.227994785, -0.0403625295
   1707,  0.195506036, -0.0358987525
   1708,  0.163434952, -0.0318341143
   1709,  0.131631255, -0.0281763747
   1710,  0.256920666, -0.067316547
   1711,  0.224552214, -0.060239125
   1712,  0.192902148, -0.0536273532
   1713,  0.161689952, -0.0475519933
   1714,  0.130753353, -0.0420290902
   1715,  0.250923753, -0.0890171155
   1716,  0.219771698, -0.0797509104
   1717,  0.189331457, -0.0710612833
   1718,  0.159311518, -0.0630491674
   1719,  0.129537731, -0.0557424165
   1720,  0.243306637, -0.110102132
   1721,  0.213748395, -0.0987939015
   1722,  0.184800655, -0.0881071389
   1723,  0.156273276, -0.0781517327
   1724,  0.128039271, -0.0690162107
   1725,   0.23417291, -0.130437806
   1726,  0.206346124, -0.117118001
   1727,  0.179116338, -0.104474925
   1728,  0.152411684, -0.0926264077
   1729,  0.125974655, -0.0819334313
   1730,  0.223296136,  -0.14967519
   1731,  0.197067633, -0.134265393
   1732,  0.172014177,  -0.11985974
   1733,   0.14735736, -0.106283516
   1734,  0.123329252, -0.094049111
   1735,  0.210812449, -0.167746052
   1736,  0.186614081, -0.150408626
   1737,  0.163406789, -0.133978486
   1738,  0.141097814, -0.118564501
   1739,  0.119943298, -0.104634762
   1740,  0.460243881, 0.0465989523
   1741,  0.453308523, 0.0927466527
   1742,  0.441932499,  0.137982801
   1743,  0.425351799,  0.181568295
   1744,   0.40465501,  0.223358244
   1745,  0.380438864,  0.263207167
   1746,  0.426686585, 0.0433697812
   1747,  0.421082735, 0.0865016207
   1748,  0.411622167,  0.129054159
   1749,  0.394711852,  0.169209033
   1750,  0.374687076,  0.207760602
   1751,  0.351130843,  0.244151026
   1752,  0.392205268, 0.0400378034
   1753,  0.386198163,  0.079767935
   1754,  0.377587497,  0.119039245
   1755,  0.362475306,  0.156226203
   1756,  0.344089955,   0.19184348
   1757,  0.322289973,   0.22545369
   1758,  0.359134674,  0.036870826
   1759,  0.353246123, 0.0733944774
   1760,    0.3436203,  0.109017082
   1761,  0.330217838,  0.143299133
   1762,  0.313615471,  0.176110193
   1763,  0.294297278,  0.207390368
   1764,  0.327526122, 0.0339231156
   1765,  0.322124988, 0.0674939081
   1766,  0.313043296,  0.100165643
   1767,  0.300838649,  0.131692752
   1768,  0.285669982,  0.161814854
   1769,  0.267830253,  0.190374464
   1770,  0.536170483,  0.541270077
   1771,  0.480855346,  0.590929866
   1772,  0.420978338,  0.634971917
   1773,  0.357096285,  0.672968209
   1774,  0.289808363,  0.704514921
   1775,   0.21972619,  0.729127347
   1776,  0.147585779,  0.746786833
   1777, 0.0740726814,  0.757682502
   1778,  0.510690987,  0.516531169
   1779,  0.457994074,  0.563812733
   1780,  0.400917619,  0.605703115
   1781,  0.340040445,  0.641832411
   1782,   0.27592057,  0.671771824
   1783,  0.209139988,  0.695026517
   1784,    0.1402307,  0.710806072
   1785, 0.0705907866,  0.723250568
   1786,  0.486357272,   0.49287954
   1787,  0.436070591,  0.537796378
   1788,   0.38168332,   0.57761091
   1789,  0.323661447,  0.611870348
   1790,   0.26257202,  0.640212953
   1791,  0.198744938,  0.661392033
   1792,   0.13360627,  0.678160369
   1793, 0.0671682283,  0.689150751
   1794,  0.462630063,  0.469747335
   1795,  0.414984405,  0.512688279
   1796,  0.363122493,  0.550381601
   1797,  0.307177186,  0.581503212
   1798,  0.248755723,  0.607315779
   1799,  0.188920319,  0.629550219
   1800,  0.126978904,  0.645364106
   1801, 0.0638436154,  0.655844331
   1802,  0.436226815,  0.444008887
   1803,  0.391125619,  0.484170258
   1804,  0.342189968,  0.519585609
   1805,   0.28985855,  0.549702406
   1806,  0.235141844,  0.575170279
   1807,  0.178586334,   0.59632051
   1808,  0.120204605,   0.61216706
   1809, 0.0605571009,  0.623226643
   1810,  0.414461762,  0.422771722
   1811,  0.371101379,  0.460398257
   1812,  0.324448764,  0.493763417
   1813,   0.27483502,  0.522335172
   1814,  0.222633988,  0.545593977
   1815,  0.169104114,  0.565635979
   1816,  0.113825552,  0.580535829
   1817,  0.057261195,  0.590165854
   1818,  0.391642332,   0.40071559
   1819,  0.350821733,  0.436389357
   1820,  0.306832045,  0.468004614
   1821,   0.25936231,  0.493900687
   1822,  0.210042879,  0.515749872
   1823,  0.159481645,  0.534521401
   1824,  0.107182704,  0.547851622
   1825, 0.0539713986,  0.557238936
   1826,  0.368816137,  0.378543764
   1827,  0.330479413,   0.41223219
   1828,  0.288870692,  0.441686034
   1829,  0.244605854,  0.466864914
   1830,  0.198503286,  0.488490164
   1831,  0.150387973,  0.505025804
   1832,  0.101044416,  0.517427802
   1833, 0.0507661887,  0.525372326
   1834, 0.0773113146, -0.823726177
   1835, 0.0801347792,  -0.85305059
   1836, 0.0830268934, -0.883341074
   1837,  0.085923627, -0.914646089
   1838, 0.0894928351, -0.951887131
   1839,  0.153821707, -0.812412858
   1840,  0.159415603, -0.841041863
   1841,  0.165092856, -0.870412529
   1842,  0.170963749, -0.901355982
   1843,  0.178117394, -0.938722908
   1844,  0.228973001, -0.794332087
   1845,  0.237039134, -0.821466386
   1846,  0.245597839, -0.850432336
   1847,  0.254419923, -0.880787134
   1848,  0.265119851, -0.917639375
   1849,  0.301849395, -0.768744349
   1850,  0.312758446,  -0.79563874
   1851,  0.323751032, -0.823008299
   1852,  0.335608065, -0.852843642
   1853,  0.349761069,  -0.88867408
   1854,  0.372225702, -0.737017989
   1855,  0.385649383,  -0.76277107
   1856,  0.399184078, -0.788964689
   1857,  0.413836718, -0.817603111
   1858,  0.431325257, -0.852017462
   1859,  0.439370036, -0.698990285
   1860,  0.455160081,  -0.72334075
   1861,  0.471145213, -0.748177528
   1862,  0.488534153, -0.775414824
   1863,  0.509121239, -0.807969213
   1864,  0.502656221, -0.654892921
   1865,  0.520663381, -0.677641273
   1866,  0.539245069, -0.701220036
   1867,  0.559224844, -0.726740956
   1868,  0.582797885, -0.757230401
   1869,  0.561807215, -0.605384469
   1870,  0.582576275, -0.627148032
   1871,  0.603668213, -0.649262011
   1872,  0.626322389, -0.673098445
   1873,  0.652305663, -0.700772226
   1874,  0.825090051, 0.0816971511
   1875,  0.857080042, 0.0847737491
   1876,  0.887973607, 0.0875938162
   1877,  0.920030296, 0.0906183422
   1878,  0.955375612,  0.094092764
   1879,  0.812654197,  0.162557572
   1880,  0.841752231,  0.168093041
   1881,  0.872684062,  0.174036145
   1882,  0.905031621,  0.180314705
   1883,  0.939290166,  0.187013716
   1884,  0.791080832,  0.241284579
   1885,  0.820318758,  0.249924392
   1886,  0.850792527,   0.25890857
   1887,  0.882479787,  0.268297255
   1888,  0.915695488,  0.278226644
   1889,  0.763033509,  0.317894816
   1890,  0.791790783,  0.329514205
   1891,  0.821889877,  0.341626734
   1892,  0.852516234,  0.354011297
   1893,  0.884177029,  0.366964072
   1894,  0.728079319,  0.391587973
   1895,  0.757487893,  0.406855017
   1896,  0.785424888,  0.421381742
   1897,  0.814562738,  0.436579674
   1898,  0.844488144,  0.452378154
   1899,  0.686366558,  0.461735934
   1900,  0.714186966,  0.479744405
   1901,  0.741352975,  0.497386426
   1902,  0.769033968,  0.515390337
   1903,  0.797222316,   0.53390193
   1904,  0.358109683, -0.390570611
   1905,  0.320319921, -0.422009438
   1906,  0.279823363, -0.449851125
   1907,  0.236796439, -0.473539412
   1908,   0.19192104, -0.493498564
   1909,  0.145400062, -0.509249806
   1910, 0.0975493789, -0.520183146
   1911, 0.0489754863, -0.527332485
   1912,  0.380470186, -0.414198905
   1913,  0.340360671, -0.447665304
   1914,  0.296793163, -0.476423144
   1915,  0.250920475, -0.501079321
   1916,  0.203179598, -0.521820009
   1917,   0.15408662, -0.539117098
   1918,  0.103577532, -0.551822901
   1919, 0.0520331934, -0.559672713
   1920,   0.40276289, -0.437756151
   1921,  0.359844506, -0.472599924
   1922,  0.313861489, -0.503142416
   1923,  0.265421271, -0.529448509
   1924,  0.214840516, -0.551157415
   1925,  0.162652999, -0.568546891
   1926,  0.109165773, -0.581314087
   1927, 0.0549021885, -0.590528607
   1928,  0.425778449, -0.462061793
   1929,  0.379713833, -0.497980118
   1930,    0.3311674, -0.530257881
   1931,  0.280018032, -0.557966471
   1932,  0.226639897, -0.580867827
   1933,  0.171507448, -0.598965168
   1934,  0.115353465,  -0.61359334
   1935, 0.0579478331, -0.622887731
   1936,  0.447513163, -0.484969765
   1937,  0.399737328, -0.523629725
   1938,  0.348537564, -0.557431757
   1939,  0.294663787, -0.586570084
   1940,  0.238503098, -0.610775232
   1941,  0.180470973,  -0.62979579
   1942,  0.121420354, -0.645407736
   1943, 0.0610065199, -0.655316055
   1944,  0.471189111, -0.510008395
   1945,  0.419947773, -0.549421668
   1946,  0.365996927, -0.584722996
   1947,  0.309427142, -0.615392625
   1948,  0.250486016, -0.640933812
   1949,   0.18955791,  -0.66098094
   1950,  0.127309382, -0.676474452
   1951, 0.0640311241, -0.687440574
   1952,  0.492814541, -0.532648027
   1953,  0.439501822, -0.574207306
   1954,   0.38324073, -0.611482739
   1955,  0.324137658, -0.643849611
   1956,  0.262525618, -0.670987368
   1957,  0.198861718, -0.692837834
   1958,  0.133745849, -0.710000336
   1959,  0.067349866, -0.721814692
   1960,  0.516873956, -0.558106184
   1961,   0.46186015, -0.602974534
   1962,  0.403210729, -0.642858386
   1963,  0.341275722, -0.677303016
   1964,  0.276570797,  -0.70616883
   1965,  0.209538251, -0.729073048
   1966,  0.140759379, -0.746104419
   1967, 0.0708527938, -0.758074701
   1968,   0.46133101, -0.037971396
   1969,  0.427004367, -0.0352479443
   1970,  0.393326491, -0.0325528979
   1971,  0.360923141, -0.0300039072
   1972,  0.328833401, -0.0275120176
   1973,   0.45656234, -0.0756586939
   1974,  0.422442377, -0.0702023581
   1975,  0.389074028, -0.0648578182
   1976,  0.356906801, -0.0597346649
   1977,  0.325302541, -0.0547954254
   1978,  0.448782831, -0.112823904
   1979,  0.415174186, -0.104664788
   1980,  0.382205367, -0.0966614336
   1981,  0.350666195, -0.0890418142
   1982,  0.319571823, -0.0816652998
   1983,  0.438010037, -0.149224669
   1984,  0.405152172, -0.138412237
   1985,  0.372897089, -0.127810836
   1986,   0.34208262, -0.117722653
   1987,  0.311666429, -0.107931048
   1988,   0.42429626,   -0.1846129
   1989,  0.392404258, -0.171216428
   1990,   0.36089468, -0.157993585
   1991,  0.331162214, -0.145571128
   1992,  0.301630616, -0.133401781
   1993,  0.407719076, -0.218745053
   1994,  0.376988441, -0.202841163
   1995,  0.346579731,  -0.18712081
   1996,  0.317988515, -0.172395006
   1997,  0.289541811, -0.157895938
   1998,  0.388403893, -0.251406312
   1999,  0.358885646,  -0.23299408
   2000,  0.330083132, -0.215064585
   2001,  0.302642494, -0.198000833
   2002,  0.275517672, -0.181266695
   2003,  0.366704285, -0.282561004
   2004,   0.33890444,  -0.26194948
   2005,  0.311869085, -0.241924495
   2006,  0.285364777, -0.222331688
   2007,   0.25976041, -0.203455746
   2008,  0.757081807, 0.0751482248
   2009,  0.745383501,  0.149504229
   2010,  0.726679325,  0.222315446
   2011,  0.700546026,  0.292711467
   2012,  0.667808652,  0.360263258
   2013,  0.629510164,  0.424891025
   2014,  0.722937882, 0.0718924478
   2015,   0.71038115,  0.142720208
   2016,   0.69147253,  0.211884737
   2017,  0.666177928,  0.278835535
   2018,   0.63521564,  0.343324959
   2019,  0.599015296,  0.405104607
   2020,  0.687762439, 0.0684104189
   2021,  0.674790025,  0.135594681
   2022,  0.656481385,  0.201385409
   2023,  0.632637739,  0.265267372
   2024,  0.604507148,  0.327394485
   2025,  0.571086168,  0.386986703
   2026,  0.656713009, 0.0654909089
   2027,   0.64412868,  0.129718184
   2028,   0.62605691,  0.192391396
   2029,  0.602978706,  0.253260553
   2030,  0.575792551,  0.312427014
   2031,  0.543021679,  0.368830919
   2032,  0.623200238, 0.0622152574
   2033,  0.610511661,  0.123088978
   2034,  0.593290508,  0.182624683
   2035,  0.571330667,  0.240460187
   2036,  0.544478714,  0.296152711
   2037,  0.512532532,  0.349012375
   2038,  0.589862645, 0.0590416789
   2039,  0.579126716,  0.117117509
   2040,  0.563015103,  0.173761189
   2041,  0.541739881,  0.228551164
   2042,  0.516355157,  0.281564981
   2043,  0.486061513,  0.331862271
   2044,  0.558205485, 0.0560213365
   2045,  0.548295259,  0.111167766
   2046,  0.533343375,  0.165021941
   2047,  0.512280762,  0.216632321
   2048,  0.488566875,  0.267052203
   2049,  0.459056139,  0.314291865
   2050,  0.525813162, 0.0528570339
   2051,  0.516956747,  0.105052315
   2052,  0.503210425,  0.156089872
   2053,  0.484862477,  0.205622062
   2054,   0.46154511,  0.253003836
   2055,    0.4340716,  0.298105389
   2056,  0.958833814, -0.0777196884
   2057,  0.924916089, -0.0750046745
   2058,  0.891425669, -0.0723188818
   2059,  0.858524144, -0.0696869642
   2060,  0.826891661, -0.0671708882
   2061,  0.948755026, -0.154898405
   2062,  0.915188372, -0.149479732
   2063,  0.881840587, -0.144113123
   2064,  0.849266469, -0.138866216
   2065,  0.818302751, -0.133870229
   2066,  0.933124959, -0.231111974
   2067,  0.898517847, -0.222602949
   2068,   0.86531508, -0.214469507
   2069,  0.834779918, -0.207063496
   2070,  0.804588974, -0.199668244
   2071,  0.912197113,  -0.30599767
   2072,  0.877917886, -0.294646621
   2073,  0.844591856, -0.283624649
   2074,  0.813764155, -0.273408264
   2075,  0.784350872, -0.263639957
   2076,  0.883914649, -0.378474712
   2077,  0.850096226, -0.364166349
   2078,  0.819178998,  -0.35115549
   2079,  0.789144635, -0.338461429
   2080,  0.759937227, -0.326071322
   2081,  0.849892378, -0.448352396
   2082,  0.818423629, -0.431938559
   2083,  0.786864698, -0.415500522
   2084,  0.758415937, -0.400743037
   2085,  0.730600774, -0.386271983
   2086,  0.810310006, -0.515124381
   2087,  0.779954731, -0.496025383
   2088,   0.74987483, -0.477218926
   2089,  0.722630918, -0.460193276
   2090,  0.696628332, -0.443967998
   2091,  0.765789092, -0.578680754
   2092,   0.73590517,  -0.55641377
   2093,   0.70822084,  -0.53591013
   2094,  0.682645142, -0.516968727
   2095,  0.658559799, -0.499090701
   2096,  0.607116163, -0.460797578
   2097,  0.642641962, -0.410106122
   2098,  0.673702121, -0.356622964
   2099,   0.70017302, -0.300765753
   2100,   0.72210145,  -0.24298577
   2101,  0.739088535, -0.183593303
   2102,  0.751199067, -0.123017982
   2103,  0.758931041, -0.0617035367
   2104,  0.579688668, -0.440400541
   2105,  0.612767458, -0.391370922
   2106,  0.642146826, -0.340156913
   2107,  0.668527901, -0.287354678
   2108,  0.688557386, -0.231862068
   2109,  0.704357505, -0.175078198
   2110,  0.716627002, -0.117431894
   2111,   0.72434026, -0.0589341186
   2112,  0.552085042, -0.419929981
   2113,  0.584509432, -0.373675078
   2114,  0.612873018, -0.324923784
   2115,  0.636470616, -0.273789793
   2116,  0.655929446, -0.221020922
   2117,  0.670949519, -0.166886508
   2118,    0.6828807, -0.111980461
   2119,  0.690366745, -0.0562150106
   2120,  0.524787605, -0.399671793
   2121,  0.555887341, -0.355772078
   2122,  0.583024204,  -0.30940941
   2123,  0.605596781, -0.260748684
   2124,  0.624044299, -0.210457876
   2125,  0.638295293, -0.158884928
   2126,  0.649879813, -0.106632531
   2127,  0.657410979, -0.0535396785
   2128,  0.498843372, -0.380406737
   2129,  0.527232111, -0.337890208
   2130,  0.553520083, -0.294097066
   2131,  0.574822426, -0.247765571
   2132,  0.592347503, -0.199963242
   2133,  0.605930686, -0.150956005
   2134,  0.617130995, -0.101326868
   2135,  0.624637425, -0.0508815423
   2136,  0.472186983, -0.360626191
   2137,    0.5000332, -0.320892632
   2138,  0.523673713, -0.278623581
   2139,  0.544041753, -0.234788388
   2140,  0.560783207, -0.189523697
   2141,  0.573749244, -0.143094555
   2142,  0.584360063, -0.0960517302
   2143,  0.591268659, -0.0482340008
   2144,  0.445755929, -0.341074258
   2145,  0.471617162, -0.303187966
   2146,  0.494340032, -0.263441533
   2147,  0.513800561, -0.222075641
   2148,  0.529798865, -0.179313734
   2149,  0.542229056,  -0.13542363
   2150,  0.552188814, -0.0908846036
   2151,  0.558696091, -0.0456310883
   2152,  0.420155764, -0.322129756
   2153,   0.44471103, -0.286459148
   2154,  0.466385752, -0.249027312
   2155,  0.484965831,  -0.21001178
   2156,  0.500284553, -0.169639945
   2157,  0.512255967, -0.128170371
   2158,  0.521237195, -0.0859346613
   2159,  0.527077854, -0.0431200266