          13          411 
         411          410 
         410          409 
         409          408 
         408          407 
         407          406 
         406          405 
         405          404 
         404          403 
         403          402 
         402          401 
         401          400 
         400          399 
         399          398 
         398          397 
         397          396 
         396          395 
         395          394 
         394          393 
         393          392 
         392          391 
         391          390 
         390          389 
         389          388 
         388          387 
         387          386 
         386          385 
         385          384 
         384          383 
         383          382 
         382          381 
         381          380 
         380          379 
         379          378 
         378          377 
         377          376 
         376          375 
         375          374 
         374           14 
          14          346 
         346          345 
         345          344 
         344          343 
         343          342 
         342          341 
         341          340 
         340          339 
         339          338 
         338          337 
         337          336 
         336          335 
         335          334 
         334          333 
         333          332 
         332          331 
         331          330 
         330          329 
         329          328 
         328          327 
         327          326 
         326          325 
         325          324 
         324          323 
         323          322 
         322          321 
         321          320 
         320          319 
         319          318 
         318          317 
         317          316 
         316          315 
         315          314 
         314          313 
         313          312 
         312          311 
         311          310 
         310          309 
         309            6 
           6          134 
         134          133 
         133          132 
         132          131 
         131          130 
         130          129 
         129          128 
         128          127 
         127          126 
         126          125 
         125          124 
         124          123 
         123          122 
         122          121 
         121          120 
         120          119 
         119          118 
         118          117 
         117          116 
         116          115 
         115          114 
         114          113 
         113          112 
         112          111 
         111          110 
         110          109 
         109          108 
         108          107 
         107          106 
         106          105 
         105          104 
         104          103 
         103          102 
         102          101 
         101          100 
         100           99 
          99            5 
           5          308 
         308          307 
         307          306 
         306          305 
         305          304 
         304          303 
         303          302 
         302          301 
         301          300 
         300          299 
         299          298 
         298          297 
         297          296 
         296          295 
         295          294 
         294          293 
         293          292 
         292          291 
         291          290 
         290          289 
         289          288 
         288          287 
         287          286 
         286          285 
         285          284 
         284          283 
         283          282 
         282          281 
         281          280 
         280          279 
         279          278 
         278          277 
         277          276 
         276          275 
         275          274 
         274          273 
         273          272 
         272          271 
         271          270 
         270          269 
         269          268 
         268          267 
         267           13 
