         208
         207
         206
         205
         204
         203
         202
         201
         200
         199
         198
         197
         196
         195
         194
         193
         192
          10
         355
         354
         353
         352
         351
         350
         349
         348
         347
         346
         345
         344
         343
         342
           6
         133
         132
         131
         130
         129
         128
         127
         126
         125
         124
         123
         122
         121
         120
           5
        1197
        1196
        1195
        1194
        1193
        1192
        1191
        1190
        1189
        1188
        1187
        1186
        1185
        1184
        1183
        1182
        1181
          46
         998
         997
         996
         995
         994
         993
         992
         991
         990
         989
         988
         987
         986
         985
         984
         983
         982
          36
         782
         781
         780
         779
         778
         777
         776
         775
         774
         773
         772
         771
         770
         769
          39
        1047
        1046
        1045
        1044
        1043
        1042
        1041
        1040
        1039
        1038
        1037
        1036
        1035
        1034
          48
        1214
        1213
        1212
        1211
        1210
        1209
        1208
        1207
        1206
        1205
        1204
        1203
        1202
        1201
        1200
        1199
        1198
           8
